subsistence	playerNr	treatment	per	infoChoice	decision	payoff	demonstrator1	demonstrator2	demonstrator3	opt	orderTreatments	age	optDemo1	optDemo2	optDemo3	sumDemoOpt
1	1	1	1	0	2	51	0	0	0	1	1	35	0	0	0	0
1	1	1	2	1	1	36	1	1	1	0	1	35	0	0	0	0
1	1	1	3	1	2	30	2	1	2	1	1	35	1	0	1	2
1	1	1	4	1	2	34	2	1	2	1	1	35	1	0	1	2
1	1	1	5	1	2	37	2	1	2	1	1	35	1	0	1	2
1	1	1	6	1	2	35	2	1	1	1	1	35	1	0	0	1
1	1	1	7	1	2	43	2	1	2	1	1	35	1	0	1	2
1	1	1	8	1	2	46	2	1	2	1	1	35	1	0	1	2
1	1	1	9	2	2	28	1	2	1	1	1	35	0	1	0	1
1	1	1	10	2	1	36	2	2	1	0	1	35	1	1	0	2
1	1	1	11	1	1	24	2	1	1	0	1	35	1	0	0	1
1	1	1	12	1	2	26	2	1	2	1	1	35	1	0	1	2
1	1	1	13	1	2	35	2	2	2	1	1	35	1	1	1	3
1	1	1	14	1	2	25	2	2	2	1	1	35	1	1	1	3
1	1	1	15	1	2	47	2	2	2	1	1	35	1	1	1	3
1	1	2	1	0	1	19	0	0	0	0	1	35	0	0	0	0
1	1	2	2	1	1	33	1	2	1	0	1	35	0	1	0	1
1	1	2	3	1	2	34	2	2	2	1	1	35	1	1	1	3
1	1	2	4	1	2	53	2	2	2	1	1	35	1	1	1	3
1	1	2	5	1	2	54	2	1	2	1	1	35	1	0	1	2
1	1	2	6	1	2	31	2	1	2	1	1	35	1	0	1	2
1	1	2	7	1	1	26	2	1	1	0	1	35	1	0	0	1
1	1	2	8	1	1	11	1	1	2	0	1	35	0	0	1	1
1	1	2	9	1	2	19	2	1	2	1	1	35	1	0	1	2
1	1	2	10	1	2	26	2	1	2	1	1	35	1	0	1	2
1	1	2	11	1	2	18	2	2	2	1	1	35	1	1	1	3
1	1	2	12	1	2	46	2	2	1	1	1	35	1	1	0	2
1	1	2	13	1	2	53	2	1	2	1	1	35	1	0	1	2
1	1	2	14	1	2	40	2	1	2	1	1	35	1	0	1	2
1	1	2	15	1	2	29	2	2	2	1	1	35	1	1	1	3
1	2	1	1	0	2	40	0	0	0	1	2	45	0	0	0	0
1	2	1	2	1	1	36	1	2	1	0	2	45	0	1	0	1
1	2	1	3	1	1	28	2	2	2	0	2	45	1	1	1	3
1	2	1	4	1	1	23	2	2	2	0	2	45	1	1	1	3
1	2	1	5	1	2	51	2	1	2	1	2	45	1	0	1	2
1	2	1	6	1	1	21	2	1	2	0	2	45	1	0	1	2
1	2	1	7	1	1	21	2	1	1	0	2	45	1	0	0	1
1	2	1	8	1	1	26	1	1	2	0	2	45	0	0	1	1
1	2	1	9	1	1	15	2	1	2	0	2	45	1	0	1	2
1	2	1	10	1	2	30	2	1	2	1	2	45	1	0	1	2
1	2	1	11	1	1	46	2	2	2	0	2	45	1	1	1	3
1	2	1	12	1	1	20	2	2	1	0	2	45	1	1	0	2
1	2	1	13	1	2	56	2	1	2	1	2	45	1	0	1	2
1	2	1	14	1	2	45	2	1	2	1	2	45	1	0	1	2
1	2	1	15	1	2	52	2	2	2	1	2	45	1	1	1	3
1	2	2	1	0	1	22	0	0	0	0	2	45	0	0	0	0
1	2	2	2	2	2	44	1	1	1	1	2	45	0	0	0	0
1	2	2	3	2	2	42	2	1	2	1	2	45	1	0	1	2
1	2	2	4	2	2	31	2	1	2	1	2	45	1	0	1	2
1	2	2	5	2	2	25	2	1	2	1	2	45	1	0	1	2
1	2	2	6	2	1	13	2	1	1	0	2	45	1	0	0	1
1	2	2	7	1	2	51	2	1	2	1	2	45	1	0	1	2
1	2	2	8	1	2	46	2	1	2	1	2	45	1	0	1	2
1	2	2	9	2	2	33	1	2	1	1	2	45	0	1	0	1
1	2	2	10	1	2	54	2	2	1	1	2	45	1	1	0	2
1	2	2	11	1	2	31	2	1	1	1	2	45	1	0	0	1
1	2	2	12	1	2	10	2	1	2	1	2	45	1	0	1	2
1	2	2	13	1	2	45	2	2	2	1	2	45	1	1	1	3
1	2	2	14	1	2	36	2	2	2	1	2	45	1	1	1	3
1	2	2	15	1	2	37	2	2	2	1	2	45	1	1	1	3
1	3	1	1	0	1	19	0	0	0	0	1	38	0	0	0	0
1	3	1	2	1	1	33	1	1	1	0	1	38	0	0	0	0
1	3	1	3	1	2	34	2	1	2	1	1	38	1	0	1	2
1	3	1	4	1	2	44	2	1	2	1	1	38	1	0	1	2
1	3	1	5	1	2	39	2	1	2	1	1	38	1	0	1	2
1	3	1	6	1	2	48	2	1	1	1	1	38	1	0	0	1
1	3	1	7	1	2	30	2	1	2	1	1	38	1	0	1	2
1	3	1	8	1	1	31	2	1	2	0	1	38	1	0	1	2
1	3	1	9	1	1	40	1	2	1	0	1	38	0	1	0	1
1	3	1	10	1	2	42	2	2	1	1	1	38	1	1	0	2
1	3	1	11	1	1	30	2	1	1	0	1	38	1	0	0	1
1	3	1	12	1	1	40	2	1	2	0	1	38	1	0	1	2
1	3	1	13	1	2	33	2	2	2	1	1	38	1	1	1	3
1	3	1	14	1	2	31	2	2	2	1	1	38	1	1	1	3
1	3	1	15	1	2	33	2	2	2	1	1	38	1	1	1	3
1	3	2	1	0	1	26	0	0	0	0	1	38	0	0	0	0
1	3	2	2	1	1	35	1	2	1	0	1	38	0	1	0	1
1	3	2	3	1	2	30	2	2	2	1	1	38	1	1	1	3
1	3	2	4	2	2	34	2	2	2	1	1	38	1	1	1	3
1	3	2	5	1	1	38	2	1	2	0	1	38	1	0	1	2
1	3	2	6	1	2	52	2	1	2	1	1	38	1	0	1	2
1	3	2	7	1	1	30	2	1	1	0	1	38	1	0	0	1
1	3	2	8	1	1	21	1	1	2	0	1	38	0	0	1	1
1	3	2	9	1	2	18	2	1	2	1	1	38	1	0	1	2
1	3	2	10	1	2	53	2	1	2	1	1	38	1	0	1	2
1	3	2	11	2	2	38	2	2	2	1	1	38	1	1	1	3
1	3	2	12	1	2	61	2	2	1	1	1	38	1	1	0	2
1	3	2	13	1	2	36	2	1	2	1	1	38	1	0	1	2
1	3	2	14	1	2	25	2	1	2	1	1	38	1	0	1	2
1	3	2	15	1	2	38	2	2	2	1	1	38	1	1	1	3
1	4	1	1	0	1	25	0	0	0	0	2	30	0	0	0	0
1	4	1	2	1	1	37	1	2	1	0	2	30	0	1	0	1
1	4	1	3	1	2	38	2	2	2	1	2	30	1	1	1	3
1	4	1	4	1	2	13	2	2	2	1	2	30	1	1	1	3
1	4	1	5	1	2	45	2	1	2	1	2	30	1	0	1	2
1	4	1	6	1	1	35	2	1	2	0	2	30	1	0	1	2
1	4	1	7	1	2	30	2	1	1	1	2	30	1	0	0	1
1	4	1	8	1	2	57	1	1	2	1	2	30	0	0	1	1
1	4	1	9	1	1	15	2	1	2	0	2	30	1	0	1	2
1	4	1	10	1	2	38	2	1	2	1	2	30	1	0	1	2
1	4	1	11	1	1	21	2	2	2	0	2	30	1	1	1	3
1	4	1	12	1	2	39	2	2	1	1	2	30	1	1	0	2
1	4	1	13	1	2	37	2	1	2	1	2	30	1	0	1	2
1	4	1	14	1	2	53	2	1	2	1	2	30	1	0	1	2
1	4	1	15	1	2	42	2	2	2	1	2	30	1	1	1	3
1	4	2	1	0	2	53	0	0	0	1	2	30	0	0	0	0
1	4	2	2	1	1	50	1	1	1	0	2	30	0	0	0	0
1	4	2	3	1	2	27	2	1	2	1	2	30	1	0	1	2
1	4	2	4	1	2	18	2	1	2	1	2	30	1	0	1	2
1	4	2	5	1	2	47	2	1	2	1	2	30	1	0	1	2
1	4	2	6	1	2	53	2	1	1	1	2	30	1	0	0	1
1	4	2	7	1	1	21	2	1	2	0	2	30	1	0	1	2
1	4	2	8	1	1	22	2	1	2	0	2	30	1	0	1	2
1	4	2	9	1	2	46	1	2	1	1	2	30	0	1	0	1
1	4	2	10	1	2	34	2	2	1	1	2	30	1	1	0	2
1	4	2	11	1	2	25	2	1	1	1	2	30	1	0	0	1
1	4	2	12	1	2	48	2	1	2	1	2	30	1	0	1	2
1	4	2	13	1	2	39	2	2	2	1	2	30	1	1	1	3
1	4	2	14	1	2	55	2	2	2	1	2	30	1	1	1	3
1	4	2	15	1	2	44	2	2	2	1	2	30	1	1	1	3
1	5	1	1	0	2	57	0	0	0	1	1	40	0	0	0	0
1	5	1	2	1	1	12	1	1	1	0	1	40	0	0	0	0
1	5	1	3	1	2	51	2	1	2	1	1	40	1	0	1	2
1	5	1	4	1	2	47	2	1	2	1	1	40	1	0	1	2
1	5	1	5	1	2	36	2	1	2	1	1	40	1	0	1	2
1	5	1	6	1	1	32	2	1	1	0	1	40	1	0	0	1
1	5	1	7	1	2	48	2	1	2	1	1	40	1	0	1	2
1	5	1	8	1	2	47	2	1	2	1	1	40	1	0	1	2
1	5	1	9	1	1	29	1	2	1	0	1	40	0	1	0	1
1	5	1	10	1	2	23	2	2	1	1	1	40	1	1	0	2
1	5	1	11	1	1	14	2	1	1	0	1	40	1	0	0	1
1	5	1	12	1	2	31	2	1	2	1	1	40	1	0	1	2
1	5	1	13	1	2	43	2	2	2	1	1	40	1	1	1	3
1	5	1	14	1	2	40	2	2	2	1	1	40	1	1	1	3
1	5	1	15	1	2	40	2	2	2	1	1	40	1	1	1	3
1	5	2	1	0	2	39	0	0	0	1	1	40	0	0	0	0
1	5	2	2	1	1	8	1	2	1	0	1	40	0	1	0	1
1	5	2	3	1	2	47	2	2	2	1	1	40	1	1	1	3
1	5	2	4	1	2	62	2	2	2	1	1	40	1	1	1	3
1	5	2	5	1	2	68	2	1	2	1	1	40	1	0	1	2
1	5	2	6	1	2	46	2	1	2	1	1	40	1	0	1	2
1	5	2	7	1	1	34	2	1	1	0	1	40	1	0	0	1
1	5	2	8	1	1	46	1	1	2	0	1	40	0	0	1	1
1	5	2	9	1	2	35	2	1	2	1	1	40	1	0	1	2
1	5	2	10	1	2	28	2	1	2	1	1	40	1	0	1	2
1	5	2	11	1	2	35	2	2	2	1	1	40	1	1	1	3
1	5	2	12	1	2	36	2	2	1	1	1	40	1	1	0	2
1	5	2	13	1	2	23	2	1	2	1	1	40	1	0	1	2
1	5	2	14	1	2	58	2	1	2	1	1	40	1	0	1	2
1	5	2	15	1	2	49	2	2	2	1	1	40	1	1	1	3
1	6	1	1	0	1	30	0	0	0	0	2	42	0	0	0	0
1	6	1	2	2	2	34	1	2	1	1	2	42	0	1	0	1
1	6	1	3	1	2	37	2	2	2	1	2	42	1	1	1	3
1	6	1	4	1	2	27	2	2	2	1	2	42	1	1	1	3
1	6	1	5	1	2	48	2	1	2	1	2	42	1	0	1	2
1	6	1	6	1	1	28	2	1	2	0	2	42	1	0	1	2
1	6	1	7	1	2	32	2	1	1	1	2	42	1	0	0	1
1	6	1	8	1	2	33	1	1	2	1	2	42	0	0	1	1
1	6	1	9	1	1	25	2	1	2	0	2	42	1	0	1	2
1	6	1	10	1	2	45	2	1	2	1	2	42	1	0	1	2
1	6	1	11	1	1	34	2	2	2	0	2	42	1	1	1	3
1	6	1	12	1	2	49	2	2	1	1	2	42	1	1	0	2
1	6	1	13	1	2	35	2	1	2	1	2	42	1	0	1	2
1	6	1	14	1	2	46	2	1	2	1	2	42	1	0	1	2
1	6	1	15	1	2	50	2	2	2	1	2	42	1	1	1	3
1	6	2	1	0	2	18	0	0	0	1	2	42	0	0	0	0
1	6	2	2	1	1	30	1	1	1	0	2	42	0	0	0	0
1	6	2	3	1	2	42	2	1	2	1	2	42	1	0	1	2
1	6	2	4	1	2	49	2	1	2	1	2	42	1	0	1	2
1	6	2	5	1	2	18	2	1	2	1	2	42	1	0	1	2
1	6	2	6	1	2	47	2	1	1	1	2	42	1	0	0	1
1	6	2	7	1	1	23	2	1	2	0	2	42	1	0	1	2
1	6	2	8	1	1	20	2	1	2	0	2	42	1	0	1	2
1	6	2	9	1	2	53	1	2	1	1	2	42	0	1	0	1
1	6	2	10	1	2	43	2	2	1	1	2	42	1	1	0	2
1	6	2	11	1	2	44	2	1	1	1	2	42	1	0	0	1
1	6	2	12	1	2	43	2	1	2	1	2	42	1	0	1	2
1	6	2	13	1	2	39	2	2	2	1	2	42	1	1	1	3
1	6	2	14	1	2	42	2	2	2	1	2	42	1	1	1	3
1	6	2	15	1	2	41	2	2	2	1	2	42	1	1	1	3
1	9	1	1	0	1	30	0	0	0	0	1	25	0	0	0	0
1	9	1	2	1	1	33	1	1	1	0	1	25	0	0	0	0
1	9	1	3	2	1	19	2	1	2	0	1	25	1	0	1	2
1	9	1	4	1	2	42	2	1	2	1	1	25	1	0	1	2
1	9	1	5	2	1	21	2	1	2	0	1	25	1	0	1	2
1	9	1	6	1	1	54	2	1	1	0	1	25	1	0	0	1
1	9	1	7	1	2	31	2	1	2	1	1	25	1	0	1	2
1	9	1	8	1	2	41	2	1	2	1	1	25	1	0	1	2
1	9	1	9	2	1	13	1	2	1	0	1	25	0	1	0	1
1	9	1	10	1	2	40	2	2	1	1	1	25	1	1	0	2
1	9	1	11	1	1	39	2	1	1	0	1	25	1	0	0	1
1	9	1	12	1	2	30	2	1	2	1	1	25	1	0	1	2
1	9	1	13	2	1	21	2	2	2	0	1	25	1	1	1	3
1	9	1	14	1	2	18	2	2	2	1	1	25	1	1	1	3
1	9	1	15	1	2	46	2	2	2	1	1	25	1	1	1	3
1	9	2	1	0	2	47	0	0	0	1	1	25	0	0	0	0
1	9	2	2	2	1	41	1	2	1	0	1	25	0	1	0	1
1	9	2	3	2	1	28	2	2	2	0	1	25	1	1	1	3
1	9	2	4	2	1	21	2	2	2	0	1	25	1	1	1	3
1	9	2	5	1	2	52	2	1	2	1	1	25	1	0	1	2
1	9	2	6	1	2	45	2	1	2	1	1	25	1	0	1	2
1	9	2	7	2	1	22	2	1	1	0	1	25	1	0	0	1
1	9	2	8	2	1	11	1	1	2	0	1	25	0	0	1	1
1	9	2	9	2	1	34	2	1	2	0	1	25	1	0	1	2
1	9	2	10	1	2	25	2	1	2	1	1	25	1	0	1	2
1	9	2	11	1	2	27	2	2	2	1	1	25	1	1	1	3
1	9	2	12	1	2	48	2	2	1	1	1	25	1	1	0	2
1	9	2	13	1	2	62	2	1	2	1	1	25	1	0	1	2
1	9	2	14	1	2	18	2	1	2	1	1	25	1	0	1	2
1	9	2	15	1	2	45	2	2	2	1	1	25	1	1	1	3
1	16	1	1	0	1	29	0	0	0	0	1	30	0	0	0	0
1	16	1	2	2	2	32	1	1	1	1	1	30	0	0	0	0
1	16	1	3	2	1	29	2	1	2	0	1	30	1	0	1	2
1	16	1	4	2	2	26	2	1	2	1	1	30	1	0	1	2
1	16	1	5	1	2	48	2	1	2	1	1	30	1	0	1	2
1	16	1	6	1	2	20	2	1	1	1	1	30	1	0	0	1
1	16	1	7	1	2	46	2	1	2	1	1	30	1	0	1	2
1	16	1	8	1	2	28	2	1	2	1	1	30	1	0	1	2
1	16	1	9	2	1	31	1	2	1	0	1	30	0	1	0	1
1	16	1	10	1	2	44	2	2	1	1	1	30	1	1	0	2
1	16	1	11	1	1	49	2	1	1	0	1	30	1	0	0	1
1	16	1	12	1	2	47	2	1	2	1	1	30	1	0	1	2
1	16	1	13	1	2	22	2	2	2	1	1	30	1	1	1	3
1	16	1	14	1	2	23	2	2	2	1	1	30	1	1	1	3
1	16	1	15	2	1	29	2	2	2	0	1	30	1	1	1	3
1	16	2	1	0	1	55	0	0	0	0	1	30	0	0	0	0
1	16	2	2	1	1	39	1	2	1	0	1	30	0	1	0	1
1	16	2	3	1	2	44	2	2	2	1	1	30	1	1	1	3
1	16	2	4	2	2	21	2	2	2	1	1	30	1	1	1	3
1	16	2	5	1	2	23	2	1	2	1	1	30	1	0	1	2
1	16	2	6	1	2	22	2	1	2	1	1	30	1	0	1	2
1	16	2	7	1	1	31	2	1	1	0	1	30	1	0	0	1
1	16	2	8	1	1	38	1	1	2	0	1	30	0	0	1	1
1	16	2	9	2	1	27	2	1	2	0	1	30	1	0	1	2
1	16	2	10	2	2	36	2	1	2	1	1	30	1	0	1	2
1	16	2	11	1	2	37	2	2	2	1	1	30	1	1	1	3
1	16	2	12	1	2	45	2	2	1	1	1	30	1	1	0	2
1	16	2	13	1	2	63	2	1	2	1	1	30	1	0	1	2
1	16	2	14	1	2	24	2	1	2	1	1	30	1	0	1	2
1	16	2	15	1	2	49	2	2	2	1	1	30	1	1	1	3
1	23	1	1	0	1	17	0	0	0	0	1	24	0	0	0	0
1	23	1	2	1	1	29	1	1	1	0	1	24	0	0	0	0
1	23	1	3	1	2	34	2	1	2	1	1	24	1	0	1	2
1	23	1	4	2	1	41	2	1	2	0	1	24	1	0	1	2
1	23	1	5	1	2	35	2	1	2	1	1	24	1	0	1	2
1	23	1	6	1	1	39	2	1	1	0	1	24	1	0	0	1
1	23	1	7	2	1	39	2	1	2	0	1	24	1	0	1	2
1	23	1	8	1	2	43	2	1	2	1	1	24	1	0	1	2
1	23	1	9	1	1	18	1	2	1	0	1	24	0	1	0	1
1	23	1	10	1	2	39	2	2	1	1	1	24	1	1	0	2
1	23	1	11	1	1	20	2	1	1	0	1	24	1	0	0	1
1	23	1	12	1	2	50	2	1	2	1	1	24	1	0	1	2
1	23	1	13	2	2	40	2	2	2	1	1	24	1	1	1	3
1	23	1	14	1	2	48	2	2	2	1	1	24	1	1	1	3
1	23	1	15	1	2	10	2	2	2	1	1	24	1	1	1	3
1	23	2	1	0	1	12	0	0	0	0	1	24	0	0	0	0
1	23	2	2	1	1	28	1	2	1	0	1	24	0	1	0	1
1	23	2	3	2	1	47	2	2	2	0	1	24	1	1	1	3
1	23	2	4	1	2	30	2	2	2	1	1	24	1	1	1	3
1	23	2	5	1	2	35	2	1	2	1	1	24	1	0	1	2
1	23	2	6	1	2	39	2	1	2	1	1	24	1	0	1	2
1	23	2	7	1	1	31	2	1	1	0	1	24	1	0	0	1
1	23	2	8	1	1	37	1	1	2	0	1	24	0	0	1	1
1	23	2	9	2	1	35	2	1	2	0	1	24	1	0	1	2
1	23	2	10	2	1	49	2	1	2	0	1	24	1	0	1	2
1	23	2	11	1	2	36	2	2	2	1	1	24	1	1	1	3
1	23	2	12	1	2	50	2	2	1	1	1	24	1	1	0	2
1	23	2	13	1	2	27	2	1	2	1	1	24	1	0	1	2
1	23	2	14	1	2	38	2	1	2	1	1	24	1	0	1	2
1	23	2	15	2	2	28	2	2	2	1	1	24	1	1	1	3
1	29	1	1	0	1	37	0	0	0	0	1	40	0	0	0	0
1	29	1	2	1	1	28	1	1	1	0	1	40	0	0	0	0
1	29	1	3	1	2	15	2	1	2	1	1	40	1	0	1	2
1	29	1	4	1	2	39	2	1	2	1	1	40	1	0	1	2
1	29	1	5	1	2	47	2	1	2	1	1	40	1	0	1	2
1	29	1	6	1	1	46	2	1	1	0	1	40	1	0	0	1
1	29	1	7	1	1	33	2	1	2	0	1	40	1	0	1	2
1	29	1	8	1	2	36	2	1	2	1	1	40	1	0	1	2
1	29	1	9	1	1	40	1	2	1	0	1	40	0	1	0	1
1	29	1	10	1	1	35	2	2	1	0	1	40	1	1	0	2
1	29	1	11	1	1	37	2	1	1	0	1	40	1	0	0	1
1	29	1	12	1	2	53	2	1	2	1	1	40	1	0	1	2
1	29	1	13	1	2	41	2	2	2	1	1	40	1	1	1	3
1	29	1	14	1	2	26	2	2	2	1	1	40	1	1	1	3
1	29	1	15	1	2	29	2	2	2	1	1	40	1	1	1	3
1	29	2	1	0	1	25	0	0	0	0	1	40	0	0	0	0
1	29	2	2	1	1	22	1	2	1	0	1	40	0	1	0	1
1	29	2	3	1	1	23	2	2	2	0	1	40	1	1	1	3
1	29	2	4	1	2	22	2	2	2	1	1	40	1	1	1	3
1	29	2	5	1	2	34	2	1	2	1	1	40	1	0	1	2
1	29	2	6	1	2	31	2	1	2	1	1	40	1	0	1	2
1	29	2	7	1	2	33	2	1	1	1	1	40	1	0	0	1
1	29	2	8	1	2	23	1	1	2	1	1	40	0	0	1	1
1	29	2	9	1	2	58	2	1	2	1	1	40	1	0	1	2
1	29	2	10	1	2	19	2	1	2	1	1	40	1	0	1	2
1	29	2	11	1	2	27	2	2	2	1	1	40	1	1	1	3
1	29	2	12	1	2	34	2	2	1	1	1	40	1	1	0	2
1	29	2	13	1	2	36	2	1	2	1	1	40	1	0	1	2
1	29	2	14	1	2	34	2	1	2	1	1	40	1	0	1	2
1	29	2	15	1	2	56	2	2	2	1	1	40	1	1	1	3
1	33	1	1	0	1	30	0	0	0	0	1	25	0	0	0	0
1	33	1	2	1	1	20	1	1	1	0	1	25	0	0	0	0
1	33	1	3	2	2	36	2	1	2	1	1	25	1	0	1	2
1	33	1	4	2	2	37	2	1	2	1	1	25	1	0	1	2
1	33	1	5	1	2	35	2	1	2	1	1	25	1	0	1	2
1	33	1	6	1	1	11	2	1	1	0	1	25	1	0	0	1
1	33	1	7	2	2	55	2	1	2	1	1	25	1	0	1	2
1	33	1	8	2	2	38	2	1	2	1	1	25	1	0	1	2
1	33	1	9	1	2	23	1	2	1	1	1	25	0	1	0	1
1	33	1	10	2	2	46	2	2	1	1	1	25	1	1	0	2
1	33	1	11	1	1	36	2	1	1	0	1	25	1	0	0	1
1	33	1	12	2	2	26	2	1	2	1	1	25	1	0	1	2
1	33	1	13	2	2	41	2	2	2	1	1	25	1	1	1	3
1	33	1	14	2	1	23	2	2	2	0	1	25	1	1	1	3
1	33	1	15	2	2	29	2	2	2	1	1	25	1	1	1	3
1	33	2	1	0	2	46	0	0	0	1	1	25	0	0	0	0
1	33	2	2	2	2	33	1	2	1	1	1	25	0	1	0	1
1	33	2	3	2	2	53	2	2	2	1	1	25	1	1	1	3
1	33	2	4	2	1	44	2	2	2	0	1	25	1	1	1	3
1	33	2	5	2	1	28	2	1	2	0	1	25	1	0	1	2
1	33	2	6	2	2	25	2	1	2	1	1	25	1	0	1	2
1	33	2	7	2	1	40	2	1	1	0	1	25	1	0	0	1
1	33	2	8	2	1	32	1	1	2	0	1	25	0	0	1	1
1	33	2	9	2	2	19	2	1	2	1	1	25	1	0	1	2
1	33	2	10	2	1	42	2	1	2	0	1	25	1	0	1	2
1	33	2	11	1	2	45	2	2	2	1	1	25	1	1	1	3
1	33	2	12	1	2	36	2	2	1	1	1	25	1	1	0	2
1	33	2	13	1	2	23	2	1	2	1	1	25	1	0	1	2
1	33	2	14	1	2	58	2	1	2	1	1	25	1	0	1	2
1	33	2	15	1	2	38	2	2	2	1	1	25	1	1	1	3
1	35	1	1	0	2	24	0	0	0	1	2	25	0	0	0	0
1	35	1	2	1	1	41	1	2	1	0	2	25	0	1	0	1
1	35	1	3	1	2	46	2	2	2	1	2	25	1	1	1	3
1	35	1	4	1	2	36	2	2	2	1	2	25	1	1	1	3
1	35	1	5	1	2	56	2	1	2	1	2	25	1	0	1	2
1	35	1	6	1	1	33	2	1	2	0	2	25	1	0	1	2
1	35	1	7	1	2	40	2	1	1	1	2	25	1	0	0	1
1	35	1	8	1	2	43	1	1	2	1	2	25	0	0	1	1
1	35	1	9	1	1	32	2	1	2	0	2	25	1	0	1	2
1	35	1	10	1	2	44	2	1	2	1	2	25	1	0	1	2
1	35	1	11	1	1	47	2	2	2	0	2	25	1	1	1	3
1	35	1	12	1	2	40	2	2	1	1	2	25	1	1	0	2
1	35	1	13	1	2	46	2	1	2	1	2	25	1	0	1	2
1	35	1	14	1	2	37	2	1	2	1	2	25	1	0	1	2
1	35	1	15	1	2	21	2	2	2	1	2	25	1	1	1	3
1	35	2	1	0	2	41	0	0	0	1	2	25	0	0	0	0
1	35	2	2	1	2	19	1	1	1	1	2	25	0	0	0	0
1	35	2	3	1	2	16	2	1	2	1	2	25	1	0	1	2
1	35	2	4	1	2	20	2	1	2	1	2	25	1	0	1	2
1	35	2	5	1	2	39	2	1	2	1	2	25	1	0	1	2
1	35	2	6	1	2	43	2	1	1	1	2	25	1	0	0	1
1	35	2	7	1	2	24	2	1	2	1	2	25	1	0	1	2
1	35	2	8	1	1	27	2	1	2	0	2	25	1	0	1	2
1	35	2	9	1	1	31	1	2	1	0	2	25	0	1	0	1
1	35	2	10	1	2	30	2	2	1	1	2	25	1	1	0	2
1	35	2	11	1	2	52	2	1	1	1	2	25	1	0	0	1
1	35	2	12	1	2	30	2	1	2	1	2	25	1	0	1	2
1	35	2	13	1	2	25	2	2	2	1	2	25	1	1	1	3
1	35	2	14	1	2	41	2	2	2	1	2	25	1	1	1	3
1	35	2	15	1	2	23	2	2	2	1	2	25	1	1	1	3
1	39	1	1	0	2	32	0	0	0	1	1	25	0	0	0	0
1	39	1	2	2	2	28	1	1	1	1	1	25	0	0	0	0
1	39	1	3	1	2	34	2	1	2	1	1	25	1	0	1	2
1	39	1	4	1	2	47	2	1	2	1	1	25	1	0	1	2
1	39	1	5	2	2	57	2	1	2	1	1	25	1	0	1	2
1	39	1	6	1	1	33	2	1	1	0	1	25	1	0	0	1
1	39	1	7	2	1	34	2	1	2	0	1	25	1	0	1	2
1	39	1	8	1	2	33	2	1	2	1	1	25	1	0	1	2
1	39	1	9	1	1	50	1	2	1	0	1	25	0	1	0	1
1	39	1	10	2	1	20	2	2	1	0	1	25	1	1	0	2
1	39	1	11	1	1	34	2	1	1	0	1	25	1	0	0	1
1	39	1	12	2	2	37	2	1	2	1	1	25	1	0	1	2
1	39	1	13	1	2	26	2	2	2	1	1	25	1	1	1	3
1	39	1	14	1	2	49	2	2	2	1	1	25	1	1	1	3
1	39	1	15	1	2	40	2	2	2	1	1	25	1	1	1	3
1	39	2	1	0	2	38	0	0	0	1	1	25	0	0	0	0
1	39	2	2	1	1	45	1	2	1	0	1	25	0	1	0	1
1	39	2	3	2	1	43	2	2	2	0	1	25	1	1	1	3
1	39	2	4	2	1	41	2	2	2	0	1	25	1	1	1	3
1	39	2	5	1	2	37	2	1	2	1	1	25	1	0	1	2
1	39	2	6	1	2	34	2	1	2	1	1	25	1	0	1	2
1	39	2	7	1	1	13	2	1	1	0	1	25	1	0	0	1
1	39	2	8	2	2	37	1	1	2	1	1	25	0	0	1	1
1	39	2	9	1	2	45	2	1	2	1	1	25	1	0	1	2
1	39	2	10	1	2	19	2	1	2	1	1	25	1	0	1	2
1	39	2	11	2	1	14	2	2	2	0	1	25	1	1	1	3
1	39	2	12	1	2	47	2	2	1	1	1	25	1	1	0	2
1	39	2	13	1	2	30	2	1	2	1	1	25	1	0	1	2
1	39	2	14	1	2	43	2	1	2	1	1	25	1	0	1	2
1	39	2	15	1	2	47	2	2	2	1	1	25	1	1	1	3
1	40	1	1	0	1	39	0	0	0	0	2	20	0	0	0	0
1	40	1	2	1	1	30	1	2	1	0	2	20	0	1	0	1
1	40	1	3	1	2	26	2	2	2	1	2	20	1	1	1	3
1	40	1	4	1	2	16	2	2	2	1	2	20	1	1	1	3
1	40	1	5	1	2	29	2	1	2	1	2	20	1	0	1	2
1	40	1	6	1	1	14	2	1	2	0	2	20	1	0	1	2
1	40	1	7	1	2	48	2	1	1	1	2	20	1	0	0	1
1	40	1	8	1	2	59	1	1	2	1	2	20	0	0	1	1
1	40	1	9	1	1	30	2	1	2	0	2	20	1	0	1	2
1	40	1	10	1	2	56	2	1	2	1	2	20	1	0	1	2
1	40	1	11	1	1	21	2	2	2	0	2	20	1	1	1	3
1	40	1	12	1	2	52	2	2	1	1	2	20	1	1	0	2
1	40	1	13	1	2	33	2	1	2	1	2	20	1	0	1	2
1	40	1	14	1	2	33	2	1	2	1	2	20	1	0	1	2
1	40	1	15	1	2	10	2	2	2	1	2	20	1	1	1	3
1	40	2	1	0	2	45	0	0	0	1	2	20	0	0	0	0
1	40	2	2	1	1	28	1	1	1	0	2	20	0	0	0	0
1	40	2	3	1	2	29	2	1	2	1	2	20	1	0	1	2
1	40	2	4	1	2	38	2	1	2	1	2	20	1	0	1	2
1	40	2	5	1	2	20	2	1	2	1	2	20	1	0	1	2
1	40	2	6	1	2	40	2	1	1	1	2	20	1	0	0	1
1	40	2	7	1	2	24	2	1	2	1	2	20	1	0	1	2
1	40	2	8	1	1	26	2	1	2	0	2	20	1	0	1	2
1	40	2	9	1	2	26	1	2	1	1	2	20	0	1	0	1
1	40	2	10	1	2	43	2	2	1	1	2	20	1	1	0	2
1	40	2	11	1	2	62	2	1	1	1	2	20	1	0	0	1
1	40	2	12	1	2	42	2	1	2	1	2	20	1	0	1	2
1	40	2	13	1	2	49	2	2	2	1	2	20	1	1	1	3
1	40	2	14	1	2	40	2	2	2	1	2	20	1	1	1	3
1	40	2	15	1	2	33	2	2	2	1	2	20	1	1	1	3
1	43	1	1	0	1	35	0	0	0	0	1	28	0	0	0	0
1	43	1	2	1	1	17	1	1	1	0	1	28	0	0	0	0
1	43	1	3	1	2	30	2	1	2	1	1	28	1	0	1	2
1	43	1	4	2	2	23	2	1	2	1	1	28	1	0	1	2
1	43	1	5	1	2	30	2	1	2	1	1	28	1	0	1	2
1	43	1	6	1	1	21	2	1	1	0	1	28	1	0	0	1
1	43	1	7	2	1	43	2	1	2	0	1	28	1	0	1	2
1	43	1	8	2	1	22	2	1	2	0	1	28	1	0	1	2
1	43	1	9	1	1	38	1	2	1	0	1	28	0	1	0	1
1	43	1	10	2	1	50	2	2	1	0	1	28	1	1	0	2
1	43	1	11	1	1	40	2	1	1	0	1	28	1	0	0	1
1	43	1	12	2	1	31	2	1	2	0	1	28	1	0	1	2
1	43	1	13	1	2	29	2	2	2	1	1	28	1	1	1	3
1	43	1	14	1	2	43	2	2	2	1	1	28	1	1	1	3
1	43	1	15	2	2	46	2	2	2	1	1	28	1	1	1	3
1	43	2	1	0	1	39	0	0	0	0	1	28	0	0	0	0
1	43	2	2	1	1	7	1	2	1	0	1	28	0	1	0	1
1	43	2	3	2	1	41	2	2	2	0	1	28	1	1	1	3
1	43	2	4	1	2	35	2	2	2	1	1	28	1	1	1	3
1	43	2	5	1	2	38	2	1	2	1	1	28	1	0	1	2
1	43	2	6	2	2	63	2	1	2	1	1	28	1	0	1	2
1	43	2	7	1	1	8	2	1	1	0	1	28	1	0	0	1
1	43	2	8	2	1	24	1	1	2	0	1	28	0	0	1	1
1	43	2	9	1	2	28	2	1	2	1	1	28	1	0	1	2
1	43	2	10	2	1	26	2	1	2	0	1	28	1	0	1	2
1	43	2	11	2	2	16	2	2	2	1	1	28	1	1	1	3
1	43	2	12	1	2	44	2	2	1	1	1	28	1	1	0	2
1	43	2	13	1	2	44	2	1	2	1	1	28	1	0	1	2
1	43	2	14	2	2	35	2	1	2	1	1	28	1	0	1	2
1	43	2	15	1	2	27	2	2	2	1	1	28	1	1	1	3
1	44	1	1	0	1	27	0	0	0	0	2	22	0	0	0	0
1	44	1	2	1	1	38	1	2	1	0	2	22	0	1	0	1
1	44	1	3	1	2	49	2	2	2	1	2	22	1	1	1	3
1	44	1	4	1	2	44	2	2	2	1	2	22	1	1	1	3
1	44	1	5	1	2	33	2	1	2	1	2	22	1	0	1	2
1	44	1	6	1	1	33	2	1	2	0	2	22	1	0	1	2
1	44	1	7	1	2	43	2	1	1	1	2	22	1	0	0	1
1	44	1	8	1	2	37	1	1	2	1	2	22	0	0	1	1
1	44	1	9	1	2	54	2	1	2	1	2	22	1	0	1	2
1	44	1	10	1	2	48	2	1	2	1	2	22	1	0	1	2
1	44	1	11	1	1	31	2	2	2	0	2	22	1	1	1	3
1	44	1	12	1	2	39	2	2	1	1	2	22	1	1	0	2
1	44	1	13	1	2	26	2	1	2	1	2	22	1	0	1	2
1	44	1	14	1	2	22	2	1	2	1	2	22	1	0	1	2
1	44	1	15	1	2	28	2	2	2	1	2	22	1	1	1	3
1	44	2	1	0	2	23	0	0	0	1	2	22	0	0	0	0
1	44	2	2	1	1	37	1	1	1	0	2	22	0	0	0	0
1	44	2	3	1	2	39	2	1	2	1	2	22	1	0	1	2
1	44	2	4	1	2	48	2	1	2	1	2	22	1	0	1	2
1	44	2	5	1	2	46	2	1	2	1	2	22	1	0	1	2
1	44	2	6	1	2	55	2	1	1	1	2	22	1	0	0	1
1	44	2	7	1	2	23	2	1	2	1	2	22	1	0	1	2
1	44	2	8	1	1	53	2	1	2	0	2	22	1	0	1	2
1	44	2	9	1	2	39	1	2	1	1	2	22	0	1	0	1
1	44	2	10	1	2	44	2	2	1	1	2	22	1	1	0	2
1	44	2	11	1	2	31	2	1	1	1	2	22	1	0	0	1
1	44	2	12	1	2	33	2	1	2	1	2	22	1	0	1	2
1	44	2	13	1	2	16	2	2	2	1	2	22	1	1	1	3
1	44	2	14	2	2	38	2	2	2	1	2	22	1	1	1	3
1	44	2	15	1	2	27	2	2	2	1	2	22	1	1	1	3
1	46	1	1	0	1	49	0	0	0	0	1	25	0	0	0	0
1	46	1	2	1	1	44	1	1	1	0	1	25	0	0	0	0
1	46	1	3	1	1	22	2	1	2	0	1	25	1	0	1	2
1	46	1	4	1	1	12	2	1	2	0	1	25	1	0	1	2
1	46	1	5	1	2	17	2	1	2	1	1	25	1	0	1	2
1	46	1	6	1	1	35	2	1	1	0	1	25	1	0	0	1
1	46	1	7	1	2	29	2	1	2	1	1	25	1	0	1	2
1	46	1	8	1	2	13	2	1	2	1	1	25	1	0	1	2
1	46	1	9	1	1	49	1	2	1	0	1	25	0	1	0	1
1	46	1	10	1	2	35	2	2	1	1	1	25	1	1	0	2
1	46	1	11	1	1	39	2	1	1	0	1	25	1	0	0	1
1	46	1	12	1	2	42	2	1	2	1	1	25	1	0	1	2
1	46	1	13	1	2	17	2	2	2	1	1	25	1	1	1	3
1	46	1	14	1	2	22	2	2	2	1	1	25	1	1	1	3
1	46	1	15	1	2	54	2	2	2	1	1	25	1	1	1	3
1	46	2	1	0	1	24	0	0	0	0	1	25	0	0	0	0
1	46	2	2	1	1	29	1	2	1	0	1	25	0	1	0	1
1	46	2	3	1	2	28	2	2	2	1	1	25	1	1	1	3
1	46	2	4	1	2	33	2	2	2	1	1	25	1	1	1	3
1	46	2	5	1	2	32	2	1	2	1	1	25	1	0	1	2
1	46	2	6	1	2	18	2	1	2	1	1	25	1	0	1	2
1	46	2	7	1	1	13	2	1	1	0	1	25	1	0	0	1
1	46	2	8	1	1	55	1	1	2	0	1	25	0	0	1	1
1	46	2	9	1	2	44	2	1	2	1	1	25	1	0	1	2
1	46	2	10	1	2	20	2	1	2	1	1	25	1	0	1	2
1	46	2	11	1	2	59	2	2	2	1	1	25	1	1	1	3
1	46	2	12	1	2	47	2	2	1	1	1	25	1	1	0	2
1	46	2	13	1	2	64	2	1	2	1	1	25	1	0	1	2
1	46	2	14	1	2	21	2	1	2	1	1	25	1	0	1	2
1	46	2	15	1	2	24	2	2	2	1	1	25	1	1	1	3
1	47	1	1	0	1	14	0	0	0	0	2	30	0	0	0	0
1	47	1	2	1	1	22	1	2	1	0	2	30	0	1	0	1
1	47	1	3	1	2	42	2	2	2	1	2	30	1	1	1	3
1	47	1	4	1	2	47	2	2	2	1	2	30	1	1	1	3
1	47	1	5	1	2	26	2	1	2	1	2	30	1	0	1	2
1	47	1	6	1	2	33	2	1	2	1	2	30	1	0	1	2
1	47	1	7	1	2	41	2	1	1	1	2	30	1	0	0	1
1	47	1	8	1	2	55	1	1	2	1	2	30	0	0	1	1
1	47	1	9	1	1	24	2	1	2	0	2	30	1	0	1	2
1	47	1	10	1	2	42	2	1	2	1	2	30	1	0	1	2
1	47	1	11	1	1	39	2	2	2	0	2	30	1	1	1	3
1	47	1	12	2	2	18	2	2	1	1	2	30	1	1	0	2
1	47	1	13	2	1	5	2	1	2	0	2	30	1	0	1	2
1	47	1	14	1	2	33	2	1	2	1	2	30	1	0	1	2
1	47	1	15	1	2	16	2	2	2	1	2	30	1	1	1	3
1	47	2	1	0	2	43	0	0	0	1	2	30	0	0	0	0
1	47	2	2	1	1	19	1	1	1	0	2	30	0	0	0	0
1	47	2	3	2	2	53	2	1	2	1	2	30	1	0	1	2
1	47	2	4	1	2	46	2	1	2	1	2	30	1	0	1	2
1	47	2	5	2	2	35	2	1	2	1	2	30	1	0	1	2
1	47	2	6	2	2	52	2	1	1	1	2	30	1	0	0	1
1	47	2	7	2	2	36	2	1	2	1	2	30	1	0	1	2
1	47	2	8	2	2	57	2	1	2	1	2	30	1	0	1	2
1	47	2	9	2	2	42	1	2	1	1	2	30	0	1	0	1
1	47	2	10	2	2	43	2	2	1	1	2	30	1	1	0	2
1	47	2	11	2	2	37	2	1	1	1	2	30	1	0	0	1
1	47	2	12	2	2	36	2	1	2	1	2	30	1	0	1	2
1	47	2	13	2	2	44	2	2	2	1	2	30	1	1	1	3
1	47	2	14	2	2	56	2	2	2	1	2	30	1	1	1	3
1	47	2	15	2	2	27	2	2	2	1	2	30	1	1	1	3
1	48	1	1	0	1	38	0	0	0	0	1	0	0	0	0	0
1	48	1	2	2	1	8	1	1	1	0	1	0	0	0	0	0
1	48	1	3	2	2	30	2	1	2	1	1	0	1	0	1	2
1	48	1	4	2	2	41	2	1	2	1	1	0	1	0	1	2
1	48	1	5	2	2	47	2	1	2	1	1	0	1	0	1	2
1	48	1	6	2	2	38	2	1	1	1	1	0	1	0	0	1
1	48	1	7	2	2	45	2	1	2	1	1	0	1	0	1	2
1	48	1	8	2	2	51	2	1	2	1	1	0	1	0	1	2
1	48	1	9	2	2	44	1	2	1	1	1	0	0	1	0	1
1	48	1	10	1	1	44	2	2	1	0	1	0	1	1	0	2
1	48	1	11	1	1	38	2	1	1	0	1	0	1	0	0	1
1	48	1	12	1	2	38	2	1	2	1	1	0	1	0	1	2
1	48	1	13	2	2	30	2	2	2	1	1	0	1	1	1	3
1	48	1	14	1	2	48	2	2	2	1	1	0	1	1	1	3
1	48	1	15	1	2	37	2	2	2	1	1	0	1	1	1	3
1	48	2	1	0	1	38	0	0	0	0	1	0	0	0	0	0
1	48	2	2	1	1	35	1	2	1	0	1	0	0	1	0	1
1	48	2	3	1	1	34	2	2	2	0	1	0	1	1	1	3
1	48	2	4	1	2	38	2	2	2	1	1	0	1	1	1	3
1	48	2	5	1	2	35	2	1	2	1	1	0	1	0	1	2
1	48	2	6	1	2	43	2	1	2	1	1	0	1	0	1	2
1	48	2	7	1	1	20	2	1	1	0	1	0	1	0	0	1
1	48	2	8	1	1	31	1	1	2	0	1	0	0	0	1	1
1	48	2	9	1	2	49	2	1	2	1	1	0	1	0	1	2
1	48	2	10	1	2	39	2	1	2	1	1	0	1	0	1	2
1	48	2	11	1	2	38	2	2	2	1	1	0	1	1	1	3
1	48	2	12	1	2	30	2	2	1	1	1	0	1	1	0	2
1	48	2	13	1	2	55	2	1	2	1	1	0	1	0	1	2
1	48	2	14	1	2	27	2	1	2	1	1	0	1	0	1	2
1	48	2	15	1	2	50	2	2	2	1	1	0	1	1	1	3
1	54	1	1	0	1	40	0	0	0	0	2	20	0	0	0	0
1	54	1	2	1	1	31	1	2	1	0	2	20	0	1	0	1
1	54	1	3	1	2	26	2	2	2	1	2	20	1	1	1	3
1	54	1	4	1	2	41	2	2	2	1	2	20	1	1	1	3
1	54	1	5	1	2	24	2	1	2	1	2	20	1	0	1	2
1	54	1	6	1	1	20	2	1	2	0	2	20	1	0	1	2
1	54	1	7	1	2	40	2	1	1	1	2	20	1	0	0	1
1	54	1	8	1	2	43	1	1	2	1	2	20	0	0	1	1
1	54	1	9	1	1	42	2	1	2	0	2	20	1	0	1	2
1	54	1	10	1	2	40	2	1	2	1	2	20	1	0	1	2
1	54	1	11	1	1	31	2	2	2	0	2	20	1	1	1	3
1	54	1	12	1	2	32	2	2	1	1	2	20	1	1	0	2
1	54	1	13	1	2	34	2	1	2	1	2	20	1	0	1	2
1	54	1	14	1	2	43	2	1	2	1	2	20	1	0	1	2
1	54	1	15	1	2	38	2	2	2	1	2	20	1	1	1	3
1	54	2	1	0	2	42	0	0	0	1	2	20	0	0	0	0
1	54	2	2	1	1	25	1	1	1	0	2	20	0	0	0	0
1	54	2	3	1	2	37	2	1	2	1	2	20	1	0	1	2
1	54	2	4	1	2	25	2	1	2	1	2	20	1	0	1	2
1	54	2	5	1	2	41	2	1	2	1	2	20	1	0	1	2
1	54	2	6	1	2	24	2	1	1	1	2	20	1	0	0	1
1	54	2	7	1	1	34	2	1	2	0	2	20	1	0	1	2
1	54	2	8	1	1	16	2	1	2	0	2	20	1	0	1	2
1	54	2	9	1	2	38	1	2	1	1	2	20	0	1	0	1
1	54	2	10	1	2	40	2	2	1	1	2	20	1	1	0	2
1	54	2	11	1	2	34	2	1	1	1	2	20	1	0	0	1
1	54	2	12	1	2	47	2	1	2	1	2	20	1	0	1	2
1	54	2	13	1	2	35	2	2	2	1	2	20	1	1	1	3
1	54	2	14	1	2	50	2	2	2	1	2	20	1	1	1	3
1	54	2	15	1	2	37	2	2	2	1	2	20	1	1	1	3
1	71	1	1	0	2	35	0	0	0	1	1	20	0	0	0	0
1	71	1	2	1	1	34	1	1	1	0	1	20	0	0	0	0
1	71	1	3	1	2	40	2	1	2	1	1	20	1	0	1	2
1	71	1	4	1	2	31	2	1	2	1	1	20	1	0	1	2
1	71	1	5	2	2	45	2	1	2	1	1	20	1	0	1	2
1	71	1	6	1	1	41	2	1	1	0	1	20	1	0	0	1
1	71	1	7	1	2	43	2	1	2	1	1	20	1	0	1	2
1	71	1	8	1	2	49	2	1	2	1	1	20	1	0	1	2
1	71	1	9	2	2	38	1	2	1	1	1	20	0	1	0	1
1	71	1	10	1	2	45	2	2	1	1	1	20	1	1	0	2
1	71	1	11	1	2	51	2	1	1	1	1	20	1	0	0	1
1	71	1	12	1	2	68	2	1	2	1	1	20	1	0	1	2
1	71	1	13	1	2	33	2	2	2	1	1	20	1	1	1	3
1	71	1	14	2	2	31	2	2	2	1	1	20	1	1	1	3
1	71	1	15	1	2	44	2	2	2	1	1	20	1	1	1	3
1	71	2	1	0	1	32	0	0	0	0	1	20	0	0	0	0
1	71	2	2	1	1	24	1	2	1	0	1	20	0	1	0	1
1	71	2	3	2	2	33	2	2	2	1	1	20	1	1	1	3
1	71	2	4	1	2	52	2	2	2	1	1	20	1	1	1	3
1	71	2	5	1	2	44	2	1	2	1	1	20	1	0	1	2
1	71	2	6	1	2	37	2	1	2	1	1	20	1	0	1	2
1	71	2	7	1	1	16	2	1	1	0	1	20	1	0	0	1
1	71	2	8	1	1	25	1	1	2	0	1	20	0	0	1	1
1	71	2	9	2	1	33	2	1	2	0	1	20	1	0	1	2
1	71	2	10	1	2	50	2	1	2	1	1	20	1	0	1	2
1	71	2	11	1	2	44	2	2	2	1	1	20	1	1	1	3
1	71	2	12	1	2	36	2	2	1	1	1	20	1	1	0	2
1	71	2	13	1	2	50	2	1	2	1	1	20	1	0	1	2
1	71	2	14	1	2	40	2	1	2	1	1	20	1	0	1	2
1	71	2	15	1	2	39	2	2	2	1	1	20	1	1	1	3
1	72	1	1	0	1	15	0	0	0	0	2	22	0	0	0	0
1	72	1	2	1	1	34	1	2	1	0	2	22	0	1	0	1
1	72	1	3	1	2	33	2	2	2	1	2	22	1	1	1	3
1	72	1	4	2	2	50	2	2	2	1	2	22	1	1	1	3
1	72	1	5	2	2	30	2	1	2	1	2	22	1	0	1	2
1	72	1	6	2	1	45	2	1	2	0	2	22	1	0	1	2
1	72	1	7	2	1	46	2	1	1	0	2	22	1	0	0	1
1	72	1	8	2	1	10	1	1	2	0	2	22	0	0	1	1
1	72	1	9	1	1	7	2	1	2	0	2	22	1	0	1	2
1	72	1	10	1	1	32	2	1	2	0	2	22	1	0	1	2
1	72	1	11	1	1	16	2	2	2	0	2	22	1	1	1	3
1	72	1	12	1	1	36	2	2	1	0	2	22	1	1	0	2
1	72	1	13	1	2	31	2	1	2	1	2	22	1	0	1	2
1	72	1	14	2	2	37	2	1	2	1	2	22	1	0	1	2
1	72	1	15	2	1	36	2	2	2	0	2	22	1	1	1	3
1	72	2	1	0	2	32	0	0	0	1	2	22	0	0	0	0
1	72	2	2	1	1	31	1	1	1	0	2	22	0	0	0	0
1	72	2	3	2	1	24	2	1	2	0	2	22	1	0	1	2
1	72	2	4	2	2	39	2	1	2	1	2	22	1	0	1	2
1	72	2	5	1	2	33	2	1	2	1	2	22	1	0	1	2
1	72	2	6	1	2	42	2	1	1	1	2	22	1	0	0	1
1	72	2	7	1	1	31	2	1	2	0	2	22	1	0	1	2
1	72	2	8	1	1	46	2	1	2	0	2	22	1	0	1	2
1	72	2	9	1	2	33	1	2	1	1	2	22	0	1	0	1
1	72	2	10	1	2	41	2	2	1	1	2	22	1	1	0	2
1	72	2	11	1	2	38	2	1	1	1	2	22	1	0	0	1
1	72	2	12	1	2	41	2	1	2	1	2	22	1	0	1	2
1	72	2	13	2	2	39	2	2	2	1	2	22	1	1	1	3
1	72	2	14	1	2	37	2	2	2	1	2	22	1	1	1	3
1	72	2	15	1	2	45	2	2	2	1	2	22	1	1	1	3
1	73	1	1	0	1	48	0	0	0	0	1	25	0	0	0	0
1	73	1	2	1	1	41	1	1	1	0	1	25	0	0	0	0
1	73	1	3	2	1	30	2	1	2	0	1	25	1	0	1	2
1	73	1	4	1	2	36	2	1	2	1	1	25	1	0	1	2
1	73	1	5	1	2	43	2	1	2	1	1	25	1	0	1	2
1	73	1	6	2	2	25	2	1	1	1	1	25	1	0	0	1
1	73	1	7	1	2	38	2	1	2	1	1	25	1	0	1	2
1	73	1	8	2	2	34	2	1	2	1	1	25	1	0	1	2
1	73	1	9	1	1	35	1	2	1	0	1	25	0	1	0	1
1	73	1	10	2	2	45	2	2	1	1	1	25	1	1	0	2
1	73	1	11	1	1	19	2	1	1	0	1	25	1	0	0	1
1	73	1	12	2	2	41	2	1	2	1	1	25	1	0	1	2
1	73	1	13	1	2	35	2	2	2	1	1	25	1	1	1	3
1	73	1	14	1	2	25	2	2	2	1	1	25	1	1	1	3
1	73	1	15	1	2	43	2	2	2	1	1	25	1	1	1	3
1	73	2	1	0	1	18	0	0	0	0	1	25	0	0	0	0
1	73	2	2	1	1	35	1	2	1	0	1	25	0	1	0	1
1	73	2	3	2	1	36	2	2	2	0	1	25	1	1	1	3
1	73	2	4	1	2	34	2	2	2	1	1	25	1	1	1	3
1	73	2	5	2	2	19	2	1	2	1	1	25	1	0	1	2
1	73	2	6	1	2	10	2	1	2	1	1	25	1	0	1	2
1	73	2	7	2	1	25	2	1	1	0	1	25	1	0	0	1
1	73	2	8	1	1	16	1	1	2	0	1	25	0	0	1	1
1	73	2	9	1	2	36	2	1	2	1	1	25	1	0	1	2
1	73	2	10	2	2	37	2	1	2	1	1	25	1	0	1	2
1	73	2	11	1	2	53	2	2	2	1	1	25	1	1	1	3
1	73	2	12	1	2	26	2	2	1	1	1	25	1	1	0	2
1	73	2	13	2	1	31	2	1	2	0	1	25	1	0	1	2
1	73	2	14	1	2	43	2	1	2	1	1	25	1	0	1	2
1	73	2	15	2	2	45	2	2	2	1	1	25	1	1	1	3
1	74	1	1	0	2	33	0	0	0	1	2	30	0	0	0	0
1	74	1	2	2	2	49	1	2	1	1	2	30	0	1	0	1
1	74	1	3	1	2	46	2	2	2	1	2	30	1	1	1	3
1	74	1	4	1	2	39	2	2	2	1	2	30	1	1	1	3
1	74	1	5	1	2	39	2	1	2	1	2	30	1	0	1	2
1	74	1	6	1	1	30	2	1	2	0	2	30	1	0	1	2
1	74	1	7	2	1	7	2	1	1	0	2	30	1	0	0	1
1	74	1	8	1	2	26	1	1	2	1	2	30	0	0	1	1
1	74	1	9	1	1	51	2	1	2	0	2	30	1	0	1	2
1	74	1	10	1	2	39	2	1	2	1	2	30	1	0	1	2
1	74	1	11	1	1	22	2	2	2	0	2	30	1	1	1	3
1	74	1	12	2	2	34	2	2	1	1	2	30	1	1	0	2
1	74	1	13	2	2	35	2	1	2	1	2	30	1	0	1	2
1	74	1	14	1	2	38	2	1	2	1	2	30	1	0	1	2
1	74	1	15	1	2	43	2	2	2	1	2	30	1	1	1	3
1	74	2	1	0	2	33	0	0	0	1	2	30	0	0	0	0
1	74	2	2	1	1	16	1	1	1	0	2	30	0	0	0	0
1	74	2	3	2	2	27	2	1	2	1	2	30	1	0	1	2
1	74	2	4	1	2	20	2	1	2	1	2	30	1	0	1	2
1	74	2	5	1	2	26	2	1	2	1	2	30	1	0	1	2
1	74	2	6	1	2	40	2	1	1	1	2	30	1	0	0	1
1	74	2	7	1	2	47	2	1	2	1	2	30	1	0	1	2
1	74	2	8	1	1	30	2	1	2	0	2	30	1	0	1	2
1	74	2	9	2	1	41	1	2	1	0	2	30	0	1	0	1
1	74	2	10	1	2	48	2	2	1	1	2	30	1	1	0	2
1	74	2	11	1	2	25	2	1	1	1	2	30	1	0	0	1
1	74	2	12	1	2	35	2	1	2	1	2	30	1	0	1	2
1	74	2	13	1	2	42	2	2	2	1	2	30	1	1	1	3
1	74	2	14	2	2	32	2	2	2	1	2	30	1	1	1	3
1	74	2	15	2	2	38	2	2	2	1	2	30	1	1	1	3
1	75	1	1	0	2	27	0	0	0	1	1	20	0	0	0	0
1	75	1	2	2	1	34	1	1	1	0	1	20	0	0	0	0
1	75	1	3	2	1	32	2	1	2	0	1	20	1	0	1	2
1	75	1	4	1	2	36	2	1	2	1	1	20	1	0	1	2
1	75	1	5	2	2	31	2	1	2	1	1	20	1	0	1	2
1	75	1	6	1	1	45	2	1	1	0	1	20	1	0	0	1
1	75	1	7	1	2	36	2	1	2	1	1	20	1	0	1	2
1	75	1	8	1	2	39	2	1	2	1	1	20	1	0	1	2
1	75	1	9	1	1	27	1	2	1	0	1	20	0	1	0	1
1	75	1	10	1	2	35	2	2	1	1	1	20	1	1	0	2
1	75	1	11	1	1	44	2	1	1	0	1	20	1	0	0	1
1	75	1	12	1	2	37	2	1	2	1	1	20	1	0	1	2
1	75	1	13	2	2	49	2	2	2	1	1	20	1	1	1	3
1	75	1	14	1	2	35	2	2	2	1	1	20	1	1	1	3
1	75	1	15	1	2	50	2	2	2	1	1	20	1	1	1	3
1	75	2	1	0	2	24	0	0	0	1	1	20	0	0	0	0
1	75	2	2	1	1	41	1	2	1	0	1	20	0	1	0	1
1	75	2	3	2	1	39	2	2	2	0	1	20	1	1	1	3
1	75	2	4	1	2	35	2	2	2	1	1	20	1	1	1	3
1	75	2	5	2	1	22	2	1	2	0	1	20	1	0	1	2
1	75	2	6	1	2	28	2	1	2	1	1	20	1	0	1	2
1	75	2	7	2	2	30	2	1	1	1	1	20	1	0	0	1
1	75	2	8	1	1	35	1	1	2	0	1	20	0	0	1	1
1	75	2	9	1	2	54	2	1	2	1	1	20	1	0	1	2
1	75	2	10	2	2	35	2	1	2	1	1	20	1	0	1	2
1	75	2	11	1	2	31	2	2	2	1	1	20	1	1	1	3
1	75	2	12	1	2	28	2	2	1	1	1	20	1	1	0	2
1	75	2	13	1	2	30	2	1	2	1	1	20	1	0	1	2
1	75	2	14	1	2	43	2	1	2	1	1	20	1	0	1	2
1	75	2	15	1	2	35	2	2	2	1	1	20	1	1	1	3
2	10	1	1	0	2	11	0	0	0	1	1	22	0	0	0	0
2	10	1	2	2	2	17	1	1	1	1	1	22	0	0	0	0
2	10	1	3	2	1	41	2	1	2	0	1	22	1	0	1	2
2	10	1	4	1	1	13	2	1	2	0	1	22	1	0	1	2
2	10	1	5	2	1	25	2	1	2	0	1	22	1	0	1	2
2	10	1	6	2	1	30	2	1	1	0	1	22	1	0	0	1
2	10	1	7	1	1	30	2	1	2	0	1	22	1	0	1	2
2	10	1	8	2	1	38	2	1	2	0	1	22	1	0	1	2
2	10	1	9	2	2	45	1	2	1	1	1	22	0	1	0	1
2	10	1	10	1	1	26	2	2	1	0	1	22	1	1	0	2
2	10	1	11	2	2	41	2	1	1	1	1	22	1	0	0	1
2	10	1	12	2	1	39	2	1	2	0	1	22	1	0	1	2
2	10	1	13	2	1	24	2	2	2	0	1	22	1	1	1	3
2	10	1	14	2	1	42	2	2	2	0	1	22	1	1	1	3
2	10	1	15	2	1	28	2	2	2	0	1	22	1	1	1	3
2	10	2	1	0	1	46	0	0	0	0	1	22	0	0	0	0
2	10	2	2	2	1	13	1	2	1	0	1	22	0	1	0	1
2	10	2	3	2	1	16	2	2	2	0	1	22	1	1	1	3
2	10	2	4	1	2	37	2	2	2	1	1	22	1	1	1	3
2	10	2	5	1	2	41	2	1	2	1	1	22	1	0	1	2
2	10	2	6	1	2	42	2	1	2	1	1	22	1	0	1	2
2	10	2	7	1	2	31	2	1	1	1	1	22	1	0	0	1
2	10	2	8	1	2	47	1	1	2	1	1	22	0	0	1	1
2	10	2	9	2	2	49	2	1	2	1	1	22	1	0	1	2
2	10	2	10	2	2	39	2	1	2	1	1	22	1	0	1	2
2	10	2	11	2	2	29	2	2	2	1	1	22	1	1	1	3
2	10	2	12	2	2	25	2	2	1	1	1	22	1	1	0	2
2	10	2	13	2	1	33	2	1	2	0	1	22	1	0	1	2
2	10	2	14	1	1	9	2	1	2	0	1	22	1	0	1	2
2	10	2	15	1	1	14	2	2	2	0	1	22	1	1	1	3
2	13	1	1	0	1	21	0	0	0	0	2	25	0	0	0	0
2	13	1	2	1	1	39	1	2	1	0	2	25	0	1	0	1
2	13	1	3	1	1	35	2	2	2	0	2	25	1	1	1	3
2	13	1	4	1	1	24	2	2	2	0	2	25	1	1	1	3
2	13	1	5	1	2	22	2	1	2	1	2	25	1	0	1	2
2	13	1	6	2	2	28	2	1	2	1	2	25	1	0	1	2
2	13	1	7	1	1	39	2	1	1	0	2	25	1	0	0	1
2	13	1	8	1	1	29	1	1	2	0	2	25	0	0	1	1
2	13	1	9	1	2	36	2	1	2	1	2	25	1	0	1	2
2	13	1	10	2	2	60	2	1	2	1	2	25	1	0	1	2
2	13	1	11	2	2	42	2	2	2	1	2	25	1	1	1	3
2	13	1	12	2	2	62	2	2	1	1	2	25	1	1	0	2
2	13	1	13	2	2	38	2	1	2	1	2	25	1	0	1	2
2	13	1	14	2	2	20	2	1	2	1	2	25	1	0	1	2
2	13	1	15	2	2	33	2	2	2	1	2	25	1	1	1	3
2	13	2	1	0	2	27	0	0	0	1	2	25	0	0	0	0
2	13	2	2	1	1	22	1	1	1	0	2	25	0	0	0	0
2	13	2	3	2	2	39	2	1	2	1	2	25	1	0	1	2
2	13	2	4	1	2	1	2	1	2	1	2	25	1	0	1	2
2	13	2	5	2	1	21	2	1	2	0	2	25	1	0	1	2
2	13	2	6	1	1	23	2	1	1	0	2	25	1	0	0	1
2	13	2	7	2	2	29	2	1	2	1	2	25	1	0	1	2
2	13	2	8	1	1	29	2	1	2	0	2	25	1	0	1	2
2	13	2	9	1	1	25	1	2	1	0	2	25	0	1	0	1
2	13	2	10	1	1	19	2	2	1	0	2	25	1	1	0	2
2	13	2	11	2	2	33	2	1	1	1	2	25	1	0	0	1
2	13	2	12	2	1	42	2	1	2	0	2	25	1	0	1	2
2	13	2	13	1	2	35	2	2	2	1	2	25	1	1	1	3
2	13	2	14	2	2	30	2	2	2	1	2	25	1	1	1	3
2	13	2	15	1	1	6	2	2	2	0	2	25	1	1	1	3
2	14	1	1	0	2	30	0	0	0	1	1	22	0	0	0	0
2	14	1	2	2	2	44	1	1	1	1	1	22	0	0	0	0
2	14	1	3	1	2	52	2	1	2	1	1	22	1	0	1	2
2	14	1	4	2	2	14	2	1	2	1	1	22	1	0	1	2
2	14	1	5	1	2	13	2	1	2	1	1	22	1	0	1	2
2	14	1	6	1	1	26	2	1	1	0	1	22	1	0	0	1
2	14	1	7	2	2	38	2	1	2	1	1	22	1	0	1	2
2	14	1	8	1	2	32	2	1	2	1	1	22	1	0	1	2
2	14	1	9	1	1	27	1	2	1	0	1	22	0	1	0	1
2	14	1	10	2	2	61	2	2	1	1	1	22	1	1	0	2
2	14	1	11	1	1	31	2	1	1	0	1	22	1	0	0	1
2	14	1	12	1	2	44	2	1	2	1	1	22	1	0	1	2
2	14	1	13	2	2	20	2	2	2	1	1	22	1	1	1	3
2	14	1	14	1	2	44	2	2	2	1	1	22	1	1	1	3
2	14	1	15	1	2	42	2	2	2	1	1	22	1	1	1	3
2	14	2	1	0	1	22	0	0	0	0	1	22	0	0	0	0
2	14	2	2	1	1	39	1	2	1	0	1	22	0	1	0	1
2	14	2	3	2	1	15	2	2	2	0	1	22	1	1	1	3
2	14	2	4	1	2	57	2	2	2	1	1	22	1	1	1	3
2	14	2	5	1	2	39	2	1	2	1	1	22	1	0	1	2
2	14	2	6	2	2	41	2	1	2	1	1	22	1	0	1	2
2	14	2	7	1	1	31	2	1	1	0	1	22	1	0	0	1
2	14	2	8	1	1	22	1	1	2	0	1	22	0	0	1	1
2	14	2	9	2	1	18	2	1	2	0	1	22	1	0	1	2
2	14	2	10	1	2	67	2	1	2	1	1	22	1	0	1	2
2	14	2	11	1	2	25	2	2	2	1	1	22	1	1	1	3
2	14	2	12	1	2	37	2	2	1	1	1	22	1	1	0	2
2	14	2	13	1	2	46	2	1	2	1	1	22	1	0	1	2
2	14	2	14	2	2	20	2	1	2	1	1	22	1	0	1	2
2	14	2	15	1	2	17	2	2	2	1	1	22	1	1	1	3
2	19	1	1	0	2	37	0	0	0	1	2	30	0	0	0	0
2	19	1	2	1	1	23	1	2	1	0	2	30	0	1	0	1
2	19	1	3	1	2	31	2	2	2	1	2	30	1	1	1	3
2	19	1	4	1	2	26	2	2	2	1	2	30	1	1	1	3
2	19	1	5	1	2	23	2	1	2	1	2	30	1	0	1	2
2	19	1	6	2	1	36	2	1	2	0	2	30	1	0	1	2
2	19	1	7	1	2	40	2	1	1	1	2	30	1	0	0	1
2	19	1	8	2	2	36	1	1	2	1	2	30	0	0	1	1
2	19	1	9	1	1	32	2	1	2	0	2	30	1	0	1	2
2	19	1	10	1	2	27	2	1	2	1	2	30	1	0	1	2
2	19	1	11	1	1	35	2	2	2	0	2	30	1	1	1	3
2	19	1	12	1	2	17	2	2	1	1	2	30	1	1	0	2
2	19	1	13	2	1	18	2	1	2	0	2	30	1	0	1	2
2	19	1	14	1	2	39	2	1	2	1	2	30	1	0	1	2
2	19	1	15	1	2	20	2	2	2	1	2	30	1	1	1	3
2	19	2	1	0	2	26	0	0	0	1	2	30	0	0	0	0
2	19	2	2	2	1	38	1	1	1	0	2	30	0	0	0	0
2	19	2	3	2	1	20	2	1	2	0	2	30	1	0	1	2
2	19	2	4	1	2	35	2	1	2	1	2	30	1	0	1	2
2	19	2	5	1	2	26	2	1	2	1	2	30	1	0	1	2
2	19	2	6	1	2	61	2	1	1	1	2	30	1	0	0	1
2	19	2	7	1	1	44	2	1	2	0	2	30	1	0	1	2
2	19	2	8	1	1	26	2	1	2	0	2	30	1	0	1	2
2	19	2	9	1	2	28	1	2	1	1	2	30	0	1	0	1
2	19	2	10	1	2	30	2	2	1	1	2	30	1	1	0	2
2	19	2	11	2	2	50	2	1	1	1	2	30	1	0	0	1
2	19	2	12	2	2	18	2	1	2	1	2	30	1	0	1	2
2	19	2	13	2	1	29	2	2	2	0	2	30	1	1	1	3
2	19	2	14	1	2	31	2	2	2	1	2	30	1	1	1	3
2	19	2	15	1	2	46	2	2	2	1	2	30	1	1	1	3
2	24	1	1	0	1	23	0	0	0	0	1	26	0	0	0	0
2	24	1	2	1	1	26	1	1	1	0	1	26	0	0	0	0
2	24	1	3	2	2	33	2	1	2	1	1	26	1	0	1	2
2	24	1	4	1	2	37	2	1	2	1	1	26	1	0	1	2
2	24	1	5	2	1	36	2	1	2	0	1	26	1	0	1	2
2	24	1	6	2	1	34	2	1	1	0	1	26	1	0	0	1
2	24	1	7	2	1	24	2	1	2	0	1	26	1	0	1	2
2	24	1	8	1	2	47	2	1	2	1	1	26	1	0	1	2
2	24	1	9	2	1	30	1	2	1	0	1	26	0	1	0	1
2	24	1	10	2	2	41	2	2	1	1	1	26	1	1	0	2
2	24	1	11	1	1	32	2	1	1	0	1	26	1	0	0	1
2	24	1	12	1	2	43	2	1	2	1	1	26	1	0	1	2
2	24	1	13	2	1	47	2	2	2	0	1	26	1	1	1	3
2	24	1	14	1	2	51	2	2	2	1	1	26	1	1	1	3
2	24	1	15	2	1	20	2	2	2	0	1	26	1	1	1	3
2	24	2	1	0	1	13	0	0	0	0	1	26	0	0	0	0
2	24	2	2	1	1	36	1	2	1	0	1	26	0	1	0	1
2	24	2	3	1	2	39	2	2	2	1	1	26	1	1	1	3
2	24	2	4	2	1	33	2	2	2	0	1	26	1	1	1	3
2	24	2	5	1	2	26	2	1	2	1	1	26	1	0	1	2
2	24	2	6	2	2	49	2	1	2	1	1	26	1	0	1	2
2	24	2	7	1	1	50	2	1	1	0	1	26	1	0	0	1
2	24	2	8	1	1	53	1	1	2	0	1	26	0	0	1	1
2	24	2	9	1	2	36	2	1	2	1	1	26	1	0	1	2
2	24	2	10	2	1	48	2	1	2	0	1	26	1	0	1	2
2	24	2	11	1	2	40	2	2	2	1	1	26	1	1	1	3
2	24	2	12	1	2	34	2	2	1	1	1	26	1	1	0	2
2	24	2	13	1	2	47	2	1	2	1	1	26	1	0	1	2
2	24	2	14	1	2	37	2	1	2	1	1	26	1	0	1	2
2	24	2	15	2	1	46	2	2	2	0	1	26	1	1	1	3
2	25	1	1	0	1	13	0	0	0	0	1	32	0	0	0	0
2	25	1	2	2	1	28	1	1	1	0	1	32	0	0	0	0
2	25	1	3	2	2	33	2	1	2	1	1	32	1	0	1	2
2	25	1	4	2	2	28	2	1	2	1	1	32	1	0	1	2
2	25	1	5	2	2	43	2	1	2	1	1	32	1	0	1	2
2	25	1	6	2	2	52	2	1	1	1	1	32	1	0	0	1
2	25	1	7	2	2	45	2	1	2	1	1	32	1	0	1	2
2	25	1	8	2	1	42	2	1	2	0	1	32	1	0	1	2
2	25	1	9	2	1	49	1	2	1	0	1	32	0	1	0	1
2	25	1	10	1	2	48	2	2	1	1	1	32	1	1	0	2
2	25	1	11	1	1	23	2	1	1	0	1	32	1	0	0	1
2	25	1	12	2	1	16	2	1	2	0	1	32	1	0	1	2
2	25	1	13	2	1	36	2	2	2	0	1	32	1	1	1	3
2	25	1	14	2	1	26	2	2	2	0	1	32	1	1	1	3
2	25	1	15	2	2	46	2	2	2	1	1	32	1	1	1	3
2	25	2	1	0	1	49	0	0	0	0	1	32	0	0	0	0
2	25	2	2	2	1	36	1	2	1	0	1	32	0	1	0	1
2	25	2	3	2	1	37	2	2	2	0	1	32	1	1	1	3
2	25	2	4	2	2	48	2	2	2	1	1	32	1	1	1	3
2	25	2	5	1	2	27	2	1	2	1	1	32	1	0	1	2
2	25	2	6	1	2	21	2	1	2	1	1	32	1	0	1	2
2	25	2	7	2	2	55	2	1	1	1	1	32	1	0	0	1
2	25	2	8	2	2	26	1	1	2	1	1	32	0	0	1	1
2	25	2	9	2	1	42	2	1	2	0	1	32	1	0	1	2
2	25	2	10	1	2	33	2	1	2	1	1	32	1	0	1	2
2	25	2	11	1	2	35	2	2	2	1	1	32	1	1	1	3
2	25	2	12	1	2	43	2	2	1	1	1	32	1	1	0	2
2	25	2	13	2	2	36	2	1	2	1	1	32	1	0	1	2
2	25	2	14	2	2	29	2	1	2	1	1	32	1	0	1	2
2	25	2	15	2	2	41	2	2	2	1	1	32	1	1	1	3
2	26	1	1	0	1	52	0	0	0	0	2	27	0	0	0	0
2	26	1	2	2	1	39	1	2	1	0	2	27	0	1	0	1
2	26	1	3	2	1	42	2	2	2	0	2	27	1	1	1	3
2	26	1	4	2	1	30	2	2	2	0	2	27	1	1	1	3
2	26	1	5	2	1	46	2	1	2	0	2	27	1	0	1	2
2	26	1	6	1	1	40	2	1	2	0	2	27	1	0	1	2
2	26	1	7	2	2	12	2	1	1	1	2	27	1	0	0	1
2	26	1	8	2	1	25	1	1	2	0	2	27	0	0	1	1
2	26	1	9	2	1	29	2	1	2	0	2	27	1	0	1	2
2	26	1	10	2	1	34	2	1	2	0	2	27	1	0	1	2
2	26	1	11	2	1	30	2	2	2	0	2	27	1	1	1	3
2	26	1	12	1	1	22	2	2	1	0	2	27	1	1	0	2
2	26	1	13	1	2	20	2	1	2	1	2	27	1	0	1	2
2	26	1	14	2	1	20	2	1	2	0	2	27	1	0	1	2
2	26	1	15	1	2	45	2	2	2	1	2	27	1	1	1	3
2	26	2	1	0	2	25	0	0	0	1	2	27	0	0	0	0
2	26	2	2	2	2	44	1	1	1	1	2	27	0	0	0	0
2	26	2	3	2	2	40	2	1	2	1	2	27	1	0	1	2
2	26	2	4	2	2	43	2	1	2	1	2	27	1	0	1	2
2	26	2	5	2	2	39	2	1	2	1	2	27	1	0	1	2
2	26	2	6	2	1	28	2	1	1	0	2	27	1	0	0	1
2	26	2	7	1	2	30	2	1	2	1	2	27	1	0	1	2
2	26	2	8	1	1	20	2	1	2	0	2	27	1	0	1	2
2	26	2	9	2	1	41	1	2	1	0	2	27	0	1	0	1
2	26	2	10	2	1	41	2	2	1	0	2	27	1	1	0	2
2	26	2	11	2	1	39	2	1	1	0	2	27	1	0	0	1
2	26	2	12	1	2	58	2	1	2	1	2	27	1	0	1	2
2	26	2	13	1	2	37	2	2	2	1	2	27	1	1	1	3
2	26	2	14	2	2	41	2	2	2	1	2	27	1	1	1	3
2	26	2	15	2	2	34	2	2	2	1	2	27	1	1	1	3
2	28	1	1	0	1	44	0	0	0	0	2	20	0	0	0	0
2	28	1	2	1	1	34	1	2	1	0	2	20	0	1	0	1
2	28	1	3	2	1	36	2	2	2	0	2	20	1	1	1	3
2	28	1	4	1	2	52	2	2	2	1	2	20	1	1	1	3
2	28	1	5	2	1	36	2	1	2	0	2	20	1	0	1	2
2	28	1	6	2	1	29	2	1	2	0	2	20	1	0	1	2
2	28	1	7	2	1	18	2	1	1	0	2	20	1	0	0	1
2	28	1	8	1	2	34	1	1	2	1	2	20	0	0	1	1
2	28	1	9	2	1	25	2	1	2	0	2	20	1	0	1	2
2	28	1	10	2	1	25	2	1	2	0	2	20	1	0	1	2
2	28	1	11	1	1	25	2	2	2	0	2	20	1	1	1	3
2	28	1	12	2	1	41	2	2	1	0	2	20	1	1	0	2
2	28	1	13	1	2	51	2	1	2	1	2	20	1	0	1	2
2	28	1	14	2	1	26	2	1	2	0	2	20	1	0	1	2
2	28	1	15	2	1	31	2	2	2	0	2	20	1	1	1	3
2	28	2	1	0	2	38	0	0	0	1	2	20	0	0	0	0
2	28	2	2	1	1	34	1	1	1	0	2	20	0	0	0	0
2	28	2	3	2	1	31	2	1	2	0	2	20	1	0	1	2
2	28	2	4	2	1	20	2	1	2	0	2	20	1	0	1	2
2	28	2	5	2	2	24	2	1	2	1	2	20	1	0	1	2
2	28	2	6	1	2	34	2	1	1	1	2	20	1	0	0	1
2	28	2	7	2	1	32	2	1	2	0	2	20	1	0	1	2
2	28	2	8	2	1	22	2	1	2	0	2	20	1	0	1	2
2	28	2	9	2	1	25	1	2	1	0	2	20	0	1	0	1
2	28	2	10	1	2	28	2	2	1	1	2	20	1	1	0	2
2	28	2	11	2	1	26	2	1	1	0	2	20	1	0	0	1
2	28	2	12	1	2	38	2	1	2	1	2	20	1	0	1	2
2	28	2	13	2	1	25	2	2	2	0	2	20	1	1	1	3
2	28	2	14	1	2	34	2	2	2	1	2	20	1	1	1	3
2	28	2	15	2	2	44	2	2	2	1	2	20	1	1	1	3
2	30	1	1	0	1	26	0	0	0	0	2	22	0	0	0	0
2	30	1	2	2	1	23	1	2	1	0	2	22	0	1	0	1
2	30	1	3	1	2	49	2	2	2	1	2	22	1	1	1	3
2	30	1	4	2	2	51	2	2	2	1	2	22	1	1	1	3
2	30	1	5	1	2	21	2	1	2	1	2	22	1	0	1	2
2	30	1	6	1	1	20	2	1	2	0	2	22	1	0	1	2
2	30	1	7	2	2	21	2	1	1	1	2	22	1	0	0	1
2	30	1	8	1	2	51	1	1	2	1	2	22	0	0	1	1
2	30	1	9	1	1	42	2	1	2	0	2	22	1	0	1	2
2	30	1	10	1	2	43	2	1	2	1	2	22	1	0	1	2
2	30	1	11	2	2	59	2	2	2	1	2	22	1	1	1	3
2	30	1	12	1	2	61	2	2	1	1	2	22	1	1	0	2
2	30	1	13	2	2	47	2	1	2	1	2	22	1	0	1	2
2	30	1	14	2	2	43	2	1	2	1	2	22	1	0	1	2
2	30	1	15	2	2	27	2	2	2	1	2	22	1	1	1	3
2	30	2	1	0	2	54	0	0	0	1	2	22	0	0	0	0
2	30	2	2	1	1	38	1	1	1	0	2	22	0	0	0	0
2	30	2	3	1	2	25	2	1	2	1	2	22	1	0	1	2
2	30	2	4	2	1	36	2	1	2	0	2	22	1	0	1	2
2	30	2	5	1	2	25	2	1	2	1	2	22	1	0	1	2
2	30	2	6	1	2	49	2	1	1	1	2	22	1	0	0	1
2	30	2	7	2	2	24	2	1	2	1	2	22	1	0	1	2
2	30	2	8	1	1	14	2	1	2	0	2	22	1	0	1	2
2	30	2	9	1	2	24	1	2	1	1	2	22	0	1	0	1
2	30	2	10	2	1	33	2	2	1	0	2	22	1	1	0	2
2	30	2	11	1	2	43	2	1	1	1	2	22	1	0	0	1
2	30	2	12	2	2	51	2	1	2	1	2	22	1	0	1	2
2	30	2	13	1	2	40	2	2	2	1	2	22	1	1	1	3
2	30	2	14	1	2	51	2	2	2	1	2	22	1	1	1	3
2	30	2	15	1	2	26	2	2	2	1	2	22	1	1	1	3
2	31	1	1	0	2	47	0	0	0	1	1	25	0	0	0	0
2	31	1	2	2	2	32	1	1	1	1	1	25	0	0	0	0
2	31	1	3	1	2	50	2	1	2	1	1	25	1	0	1	2
2	31	1	4	1	2	34	2	1	2	1	1	25	1	0	1	2
2	31	1	5	1	2	21	2	1	2	1	1	25	1	0	1	2
2	31	1	6	2	1	38	2	1	1	0	1	25	1	0	0	1
2	31	1	7	1	2	35	2	1	2	1	1	25	1	0	1	2
2	31	1	8	1	2	10	2	1	2	1	1	25	1	0	1	2
2	31	1	9	2	1	34	1	2	1	0	1	25	0	1	0	1
2	31	1	10	1	2	61	2	2	1	1	1	25	1	1	0	2
2	31	1	11	1	1	37	2	1	1	0	1	25	1	0	0	1
2	31	1	12	1	2	19	2	1	2	1	1	25	1	0	1	2
2	31	1	13	1	2	33	2	2	2	1	1	25	1	1	1	3
2	31	1	14	2	2	47	2	2	2	1	1	25	1	1	1	3
2	31	1	15	1	2	44	2	2	2	1	1	25	1	1	1	3
2	31	2	1	0	1	29	0	0	0	0	1	25	0	0	0	0
2	31	2	2	1	1	24	1	2	1	0	1	25	0	1	0	1
2	31	2	3	2	2	28	2	2	2	1	1	25	1	1	1	3
2	31	2	4	1	2	53	2	2	2	1	1	25	1	1	1	3
2	31	2	5	1	2	44	2	1	2	1	1	25	1	0	1	2
2	31	2	6	2	2	25	2	1	2	1	1	25	1	0	1	2
2	31	2	7	1	1	48	2	1	1	0	1	25	1	0	0	1
2	31	2	8	1	1	26	1	1	2	0	1	25	0	0	1	1
2	31	2	9	2	2	61	2	1	2	1	1	25	1	0	1	2
2	31	2	10	1	2	28	2	1	2	1	1	25	1	0	1	2
2	31	2	11	2	1	32	2	2	2	0	1	25	1	1	1	3
2	31	2	12	1	2	38	2	2	1	1	1	25	1	1	0	2
2	31	2	13	1	2	24	2	1	2	1	1	25	1	0	1	2
2	31	2	14	2	1	1	2	1	2	0	1	25	1	0	1	2
2	31	2	15	1	2	40	2	2	2	1	1	25	1	1	1	3
2	36	1	1	0	2	56	0	0	0	1	1	20	0	0	0	0
2	36	1	2	2	2	36	1	1	1	1	1	20	0	0	0	0
2	36	1	3	2	2	59	2	1	2	1	1	20	1	0	1	2
2	36	1	4	2	2	48	2	1	2	1	1	20	1	0	1	2
2	36	1	5	2	2	20	2	1	2	1	1	20	1	0	1	2
2	36	1	6	2	1	37	2	1	1	0	1	20	1	0	0	1
2	36	1	7	1	2	54	2	1	2	1	1	20	1	0	1	2
2	36	1	8	2	2	37	2	1	2	1	1	20	1	0	1	2
2	36	1	9	1	1	38	1	2	1	0	1	20	0	1	0	1
2	36	1	10	1	2	36	2	2	1	1	1	20	1	1	0	2
2	36	1	11	1	1	39	2	1	1	0	1	20	1	0	0	1
2	36	1	12	2	2	36	2	1	2	1	1	20	1	0	1	2
2	36	1	13	2	1	9	2	2	2	0	1	20	1	1	1	3
2	36	1	14	2	2	44	2	2	2	1	1	20	1	1	1	3
2	36	1	15	2	2	52	2	2	2	1	1	20	1	1	1	3
2	36	2	1	0	2	30	0	0	0	1	1	20	0	0	0	0
2	36	2	2	2	2	58	1	2	1	1	1	20	0	1	0	1
2	36	2	3	2	2	41	2	2	2	1	1	20	1	1	1	3
2	36	2	4	1	2	34	2	2	2	1	1	20	1	1	1	3
2	36	2	5	1	2	40	2	1	2	1	1	20	1	0	1	2
2	36	2	6	1	2	27	2	1	2	1	1	20	1	0	1	2
2	36	2	7	1	1	30	2	1	1	0	1	20	1	0	0	1
2	36	2	8	1	1	14	1	1	2	0	1	20	0	0	1	1
2	36	2	9	1	2	45	2	1	2	1	1	20	1	0	1	2
2	36	2	10	1	2	41	2	1	2	1	1	20	1	0	1	2
2	36	2	11	1	2	30	2	2	2	1	1	20	1	1	1	3
2	36	2	12	1	2	40	2	2	1	1	1	20	1	1	0	2
2	36	2	13	1	2	36	2	1	2	1	1	20	1	0	1	2
2	36	2	14	1	2	50	2	1	2	1	1	20	1	0	1	2
2	36	2	15	2	2	37	2	2	2	1	1	20	1	1	1	3
2	45	1	1	0	1	42	0	0	0	0	1	19	0	0	0	0
2	45	1	2	1	1	43	1	1	1	0	1	19	0	0	0	0
2	45	1	3	2	1	34	2	1	2	0	1	19	1	0	1	2
2	45	1	4	2	1	33	2	1	2	0	1	19	1	0	1	2
2	45	1	5	2	1	37	2	1	2	0	1	19	1	0	1	2
2	45	1	6	2	1	28	2	1	1	0	1	19	1	0	0	1
2	45	1	7	1	1	20	2	1	2	0	1	19	1	0	1	2
2	45	1	8	1	2	36	2	1	2	1	1	19	1	0	1	2
2	45	1	9	1	1	56	1	2	1	0	1	19	0	1	0	1
2	45	1	10	2	1	34	2	2	1	0	1	19	1	1	0	2
2	45	1	11	2	1	40	2	1	1	0	1	19	1	0	0	1
2	45	1	12	1	2	35	2	1	2	1	1	19	1	0	1	2
2	45	1	13	1	2	23	2	2	2	1	1	19	1	1	1	3
2	45	1	14	1	2	62	2	2	2	1	1	19	1	1	1	3
2	45	1	15	2	2	32	2	2	2	1	1	19	1	1	1	3
2	45	2	1	0	1	20	0	0	0	0	1	19	0	0	0	0
2	45	2	2	2	1	42	1	2	1	0	1	19	0	1	0	1
2	45	2	3	1	2	33	2	2	2	1	1	19	1	1	1	3
2	45	2	4	1	2	43	2	2	2	1	1	19	1	1	1	3
2	45	2	5	2	2	40	2	1	2	1	1	19	1	0	1	2
2	45	2	6	1	2	17	2	1	2	1	1	19	1	0	1	2
2	45	2	7	1	1	51	2	1	1	0	1	19	1	0	0	1
2	45	2	8	2	1	35	1	1	2	0	1	19	0	0	1	1
2	45	2	9	2	1	41	2	1	2	0	1	19	1	0	1	2
2	45	2	10	2	1	29	2	1	2	0	1	19	1	0	1	2
2	45	2	11	1	2	47	2	2	2	1	1	19	1	1	1	3
2	45	2	12	1	2	49	2	2	1	1	1	19	1	1	0	2
2	45	2	13	2	2	41	2	1	2	1	1	19	1	0	1	2
2	45	2	14	1	2	42	2	1	2	1	1	19	1	0	1	2
2	45	2	15	1	2	33	2	2	2	1	1	19	1	1	1	3
2	49	1	1	0	1	38	0	0	0	0	1	NA	0	0	0	0
2	49	1	2	1	1	34	1	1	1	0	1	NA	0	0	0	0
2	49	1	3	2	1	41	2	1	2	0	1	NA	1	0	1	2
2	49	1	4	2	1	30	2	1	2	0	1	NA	1	0	1	2
2	49	1	5	2	1	42	2	1	2	0	1	NA	1	0	1	2
2	49	1	6	2	1	34	2	1	1	0	1	NA	1	0	0	1
2	49	1	7	2	2	29	2	1	2	1	1	NA	1	0	1	2
2	49	1	8	2	2	43	2	1	2	1	1	NA	1	0	1	2
2	49	1	9	2	2	10	1	2	1	1	1	NA	0	1	0	1
2	49	1	10	1	2	58	2	2	1	1	1	NA	1	1	0	2
2	49	1	11	2	1	38	2	1	1	0	1	NA	1	0	0	1
2	49	1	12	2	1	25	2	1	2	0	1	NA	1	0	1	2
2	49	1	13	2	2	33	2	2	2	1	1	NA	1	1	1	3
2	49	1	14	2	2	52	2	2	2	1	1	NA	1	1	1	3
2	49	1	15	2	2	40	2	2	2	1	1	NA	1	1	1	3
2	49	2	1	0	2	52	0	0	0	1	1	NA	0	0	0	0
2	49	2	2	2	2	24	1	2	1	1	1	NA	0	1	0	1
2	49	2	3	1	2	44	2	2	2	1	1	NA	1	1	1	3
2	49	2	4	2	1	30	2	2	2	0	1	NA	1	1	1	3
2	49	2	5	2	1	29	2	1	2	0	1	NA	1	0	1	2
2	49	2	6	2	2	47	2	1	2	1	1	NA	1	0	1	2
2	49	2	7	2	2	27	2	1	1	1	1	NA	1	0	0	1
2	49	2	8	1	1	42	1	1	2	0	1	NA	0	0	1	1
2	49	2	9	1	2	32	2	1	2	1	1	NA	1	0	1	2
2	49	2	10	1	2	38	2	1	2	1	1	NA	1	0	1	2
2	49	2	11	1	2	40	2	2	2	1	1	NA	1	1	1	3
2	49	2	12	1	2	46	2	2	1	1	1	NA	1	1	0	2
2	49	2	13	2	2	47	2	1	2	1	1	NA	1	0	1	2
2	49	2	14	2	2	44	2	1	2	1	1	NA	1	0	1	2
2	49	2	15	2	2	26	2	2	2	1	1	NA	1	1	1	3
2	50	1	1	0	1	21	0	0	0	0	2	20	0	0	0	0
2	50	1	2	1	1	34	1	2	1	0	2	20	0	1	0	1
2	50	1	3	1	2	31	2	2	2	1	2	20	1	1	1	3
2	50	1	4	2	2	36	2	2	2	1	2	20	1	1	1	3
2	50	1	5	1	2	42	2	1	2	1	2	20	1	0	1	2
2	50	1	6	2	2	23	2	1	2	1	2	20	1	0	1	2
2	50	1	7	2	1	36	2	1	1	0	2	20	1	0	0	1
2	50	1	8	2	1	41	1	1	2	0	2	20	0	0	1	1
2	50	1	9	2	1	28	2	1	2	0	2	20	1	0	1	2
2	50	1	10	2	1	26	2	1	2	0	2	20	1	0	1	2
2	50	1	11	2	1	22	2	2	2	0	2	20	1	1	1	3
2	50	1	12	2	2	25	2	2	1	1	2	20	1	1	0	2
2	50	1	13	2	2	41	2	1	2	1	2	20	1	0	1	2
2	50	1	14	2	2	28	2	1	2	1	2	20	1	0	1	2
2	50	1	15	2	1	36	2	2	2	0	2	20	1	1	1	3
2	50	2	1	0	2	28	0	0	0	1	2	20	0	0	0	0
2	50	2	2	2	2	25	1	1	1	1	2	20	0	0	0	0
2	50	2	3	2	2	49	2	1	2	1	2	20	1	0	1	2
2	50	2	4	2	1	35	2	1	2	0	2	20	1	0	1	2
2	50	2	5	2	2	59	2	1	2	1	2	20	1	0	1	2
2	50	2	6	2	2	40	2	1	1	1	2	20	1	0	0	1
2	50	2	7	1	1	41	2	1	2	0	2	20	1	0	1	2
2	50	2	8	2	1	17	2	1	2	0	2	20	1	0	1	2
2	50	2	9	2	2	40	1	2	1	1	2	20	0	1	0	1
2	50	2	10	2	2	29	2	2	1	1	2	20	1	1	0	2
2	50	2	11	2	1	15	2	1	1	0	2	20	1	0	0	1
2	50	2	12	1	2	33	2	1	2	1	2	20	1	0	1	2
2	50	2	13	1	2	23	2	2	2	1	2	20	1	1	1	3
2	50	2	14	1	2	68	2	2	2	1	2	20	1	1	1	3
2	50	2	15	2	2	29	2	2	2	1	2	20	1	1	1	3
2	56	1	1	0	1	33	0	0	0	0	2	22	0	0	0	0
2	56	1	2	2	1	44	1	2	1	0	2	22	0	1	0	1
2	56	1	3	2	1	18	2	2	2	0	2	22	1	1	1	3
2	56	1	4	2	2	24	2	2	2	1	2	22	1	1	1	3
2	56	1	5	2	1	50	2	1	2	0	2	22	1	0	1	2
2	56	1	6	2	1	33	2	1	2	0	2	22	1	0	1	2
2	56	1	7	2	1	19	2	1	1	0	2	22	1	0	0	1
2	56	1	8	2	2	51	1	1	2	1	2	22	0	0	1	1
2	56	1	9	2	2	47	2	1	2	1	2	22	1	0	1	2
2	56	1	10	2	2	27	2	1	2	1	2	22	1	0	1	2
2	56	1	11	2	1	29	2	2	2	0	2	22	1	1	1	3
2	56	1	12	2	2	56	2	2	1	1	2	22	1	1	0	2
2	56	1	13	2	2	37	2	1	2	1	2	22	1	0	1	2
2	56	1	14	2	2	32	2	1	2	1	2	22	1	0	1	2
2	56	1	15	2	2	16	2	2	2	1	2	22	1	1	1	3
2	56	2	1	0	1	43	0	0	0	0	2	22	0	0	0	0
2	56	2	2	2	1	35	1	1	1	0	2	22	0	0	0	0
2	56	2	3	2	1	39	2	1	2	0	2	22	1	0	1	2
2	56	2	4	2	1	25	2	1	2	0	2	22	1	0	1	2
2	56	2	5	2	2	37	2	1	2	1	2	22	1	0	1	2
2	56	2	6	2	2	26	2	1	1	1	2	22	1	0	0	1
2	56	2	7	2	1	35	2	1	2	0	2	22	1	0	1	2
2	56	2	8	2	1	37	2	1	2	0	2	22	1	0	1	2
2	56	2	9	2	1	25	1	2	1	0	2	22	0	1	0	1
2	56	2	10	2	2	33	2	2	1	1	2	22	1	1	0	2
2	56	2	11	2	2	51	2	1	1	1	2	22	1	0	0	1
2	56	2	12	2	2	23	2	1	2	1	2	22	1	0	1	2
2	56	2	13	2	1	26	2	2	2	0	2	22	1	1	1	3
2	56	2	14	2	2	42	2	2	2	1	2	22	1	1	1	3
2	56	2	15	2	2	25	2	2	2	1	2	22	1	1	1	3
2	57	1	1	0	1	31	0	0	0	0	2	42	0	0	0	0
2	57	1	2	2	1	40	1	2	1	0	2	42	0	1	0	1
2	57	1	3	2	1	47	2	2	2	0	2	42	1	1	1	3
2	57	1	4	2	1	47	2	2	2	0	2	42	1	1	1	3
2	57	1	5	2	1	9	2	1	2	0	2	42	1	0	1	2
2	57	1	6	2	1	51	2	1	2	0	2	42	1	0	1	2
2	57	1	7	2	1	39	2	1	1	0	2	42	1	0	0	1
2	57	1	8	2	1	27	1	1	2	0	2	42	0	0	1	1
2	57	1	9	2	1	30	2	1	2	0	2	42	1	0	1	2
2	57	1	10	2	1	40	2	1	2	0	2	42	1	0	1	2
2	57	1	11	2	1	16	2	2	2	0	2	42	1	1	1	3
2	57	1	12	2	1	21	2	2	1	0	2	42	1	1	0	2
2	57	1	13	2	1	36	2	1	2	0	2	42	1	0	1	2
2	57	1	14	2	1	57	2	1	2	0	2	42	1	0	1	2
2	57	1	15	2	1	42	2	2	2	0	2	42	1	1	1	3
2	57	2	1	0	2	55	0	0	0	1	2	42	0	0	0	0
2	57	2	2	2	2	40	1	1	1	1	2	42	0	0	0	0
2	57	2	3	2	2	24	2	1	2	1	2	42	1	0	1	2
2	57	2	4	2	2	46	2	1	2	1	2	42	1	0	1	2
2	57	2	5	2	2	31	2	1	2	1	2	42	1	0	1	2
2	57	2	6	2	2	21	2	1	1	1	2	42	1	0	0	1
2	57	2	7	2	2	19	2	1	2	1	2	42	1	0	1	2
2	57	2	8	2	1	29	2	1	2	0	2	42	1	0	1	2
2	57	2	9	2	2	41	1	2	1	1	2	42	0	1	0	1
2	57	2	10	2	2	35	2	2	1	1	2	42	1	1	0	2
2	57	2	11	2	2	32	2	1	1	1	2	42	1	0	0	1
2	57	2	12	2	2	49	2	1	2	1	2	42	1	0	1	2
2	57	2	13	2	2	30	2	2	2	1	2	42	1	1	1	3
2	57	2	14	2	2	33	2	2	2	1	2	42	1	1	1	3
2	57	2	15	2	2	33	2	2	2	1	2	42	1	1	1	3
2	59	1	1	0	1	40	0	0	0	0	2	22	0	0	0	0
2	59	1	2	2	2	36	1	2	1	1	2	22	0	1	0	1
2	59	1	3	2	1	1	2	2	2	0	2	22	1	1	1	3
2	59	1	4	2	1	41	2	2	2	0	2	22	1	1	1	3
2	59	1	5	2	1	45	2	1	2	0	2	22	1	0	1	2
2	59	1	6	2	1	26	2	1	2	0	2	22	1	0	1	2
2	59	1	7	2	1	31	2	1	1	0	2	22	1	0	0	1
2	59	1	8	2	1	26	1	1	2	0	2	22	0	0	1	1
2	59	1	9	2	2	37	2	1	2	1	2	22	1	0	1	2
2	59	1	10	2	1	36	2	1	2	0	2	22	1	0	1	2
2	59	1	11	2	1	36	2	2	2	0	2	22	1	1	1	3
2	59	1	12	2	2	41	2	2	1	1	2	22	1	1	0	2
2	59	1	13	2	2	23	2	1	2	1	2	22	1	0	1	2
2	59	1	14	2	1	16	2	1	2	0	2	22	1	0	1	2
2	59	1	15	2	1	30	2	2	2	0	2	22	1	1	1	3
2	59	2	1	0	1	42	0	0	0	0	2	22	0	0	0	0
2	59	2	2	2	1	23	1	1	1	0	2	22	0	0	0	0
2	59	2	3	2	2	20	2	1	2	1	2	22	1	0	1	2
2	59	2	4	2	1	39	2	1	2	0	2	22	1	0	1	2
2	59	2	5	2	1	28	2	1	2	0	2	22	1	0	1	2
2	59	2	6	2	1	26	2	1	1	0	2	22	1	0	0	1
2	59	2	7	2	2	36	2	1	2	1	2	22	1	0	1	2
2	59	2	8	2	2	27	2	1	2	1	2	22	1	0	1	2
2	59	2	9	2	1	30	1	2	1	0	2	22	0	1	0	1
2	59	2	10	2	2	44	2	2	1	1	2	22	1	1	0	2
2	59	2	11	2	1	38	2	1	1	0	2	22	1	0	0	1
2	59	2	12	2	2	36	2	1	2	1	2	22	1	0	1	2
2	59	2	13	2	2	26	2	2	2	1	2	22	1	1	1	3
2	59	2	14	2	1	28	2	2	2	0	2	22	1	1	1	3
2	59	2	15	2	2	62	2	2	2	1	2	22	1	1	1	3
2	64	1	1	0	1	22	0	0	0	0	1	35	0	0	0	0
2	64	1	2	1	1	27	1	1	1	0	1	35	0	0	0	0
2	64	1	3	1	2	31	2	1	2	1	1	35	1	0	1	2
2	64	1	4	2	2	50	2	1	2	1	1	35	1	0	1	2
2	64	1	5	2	2	51	2	1	2	1	1	35	1	0	1	2
2	64	1	6	2	2	32	2	1	1	1	1	35	1	0	0	1
2	64	1	7	2	2	32	2	1	2	1	1	35	1	0	1	2
2	64	1	8	2	2	30	2	1	2	1	1	35	1	0	1	2
2	64	1	9	2	2	38	1	2	1	1	1	35	0	1	0	1
2	64	1	10	2	2	18	2	2	1	1	1	35	1	1	0	2
2	64	1	11	2	1	42	2	1	1	0	1	35	1	0	0	1
2	64	1	12	1	2	42	2	1	2	1	1	35	1	0	1	2
2	64	1	13	2	2	42	2	2	2	1	1	35	1	1	1	3
2	64	1	14	2	2	28	2	2	2	1	1	35	1	1	1	3
2	64	1	15	2	2	24	2	2	2	1	1	35	1	1	1	3
2	64	2	1	0	1	35	0	0	0	0	1	35	0	0	0	0
2	64	2	2	1	1	27	1	2	1	0	1	35	0	1	0	1
2	64	2	3	2	2	37	2	2	2	1	1	35	1	1	1	3
2	64	2	4	2	2	17	2	2	2	1	1	35	1	1	1	3
2	64	2	5	2	1	46	2	1	2	0	1	35	1	0	1	2
2	64	2	6	1	2	46	2	1	2	1	1	35	1	0	1	2
2	64	2	7	2	2	43	2	1	1	1	1	35	1	0	0	1
2	64	2	8	2	2	47	1	1	2	1	1	35	0	0	1	1
2	64	2	9	2	2	34	2	1	2	1	1	35	1	0	1	2
2	64	2	10	2	2	37	2	1	2	1	1	35	1	0	1	2
2	64	2	11	2	2	49	2	2	2	1	1	35	1	1	1	3
2	64	2	12	2	2	37	2	2	1	1	1	35	1	1	0	2
2	64	2	13	2	2	34	2	1	2	1	1	35	1	0	1	2
2	64	2	14	2	2	44	2	1	2	1	1	35	1	0	1	2
2	64	2	15	2	2	56	2	2	2	1	1	35	1	1	1	3
2	65	1	1	0	2	36	0	0	0	1	1	38	0	0	0	0
2	65	1	2	2	2	30	1	1	1	1	1	38	0	0	0	0
2	65	1	3	2	2	47	2	1	2	1	1	38	1	0	1	2
2	65	1	4	2	2	29	2	1	2	1	1	38	1	0	1	2
2	65	1	5	1	2	31	2	1	2	1	1	38	1	0	1	2
2	65	1	6	1	1	35	2	1	1	0	1	38	1	0	0	1
2	65	1	7	2	1	12	2	1	2	0	1	38	1	0	1	2
2	65	1	8	2	2	44	2	1	2	1	1	38	1	0	1	2
2	65	1	9	2	2	36	1	2	1	1	1	38	0	1	0	1
2	65	1	10	2	2	15	2	2	1	1	1	38	1	1	0	2
2	65	1	11	1	1	37	2	1	1	0	1	38	1	0	0	1
2	65	1	12	2	1	28	2	1	2	0	1	38	1	0	1	2
2	65	1	13	2	2	39	2	2	2	1	1	38	1	1	1	3
2	65	1	14	2	2	37	2	2	2	1	1	38	1	1	1	3
2	65	1	15	2	2	56	2	2	2	1	1	38	1	1	1	3
2	65	2	1	0	1	14	0	0	0	0	1	38	0	0	0	0
2	65	2	2	1	1	31	1	2	1	0	1	38	0	1	0	1
2	65	2	3	2	1	16	2	2	2	0	1	38	1	1	1	3
2	65	2	4	2	2	38	2	2	2	1	1	38	1	1	1	3
2	65	2	5	2	2	28	2	1	2	1	1	38	1	0	1	2
2	65	2	6	2	2	25	2	1	2	1	1	38	1	0	1	2
2	65	2	7	1	1	8	2	1	1	0	1	38	1	0	0	1
2	65	2	8	2	2	45	1	1	2	1	1	38	0	0	1	1
2	65	2	9	2	2	28	2	1	2	1	1	38	1	0	1	2
2	65	2	10	2	2	30	2	1	2	1	1	38	1	0	1	2
2	65	2	11	2	2	42	2	2	2	1	1	38	1	1	1	3
2	65	2	12	2	2	28	2	2	1	1	1	38	1	1	0	2
2	65	2	13	2	1	40	2	1	2	0	1	38	1	0	1	2
2	65	2	14	1	2	38	2	1	2	1	1	38	1	0	1	2
2	65	2	15	2	2	50	2	2	2	1	1	38	1	1	1	3
2	66	1	1	0	2	53	0	0	0	1	2	32	0	0	0	0
2	66	1	2	2	2	16	1	2	1	1	2	32	0	1	0	1
2	66	1	3	2	1	26	2	2	2	0	2	32	1	1	1	3
2	66	1	4	2	1	35	2	2	2	0	2	32	1	1	1	3
2	66	1	5	2	1	20	2	1	2	0	2	32	1	0	1	2
2	66	1	6	2	1	30	2	1	2	0	2	32	1	0	1	2
2	66	1	7	2	1	32	2	1	1	0	2	32	1	0	0	1
2	66	1	8	1	2	25	1	1	2	1	2	32	0	0	1	1
2	66	1	9	2	2	29	2	1	2	1	2	32	1	0	1	2
2	66	1	10	2	2	17	2	1	2	1	2	32	1	0	1	2
2	66	1	11	2	1	22	2	2	2	0	2	32	1	1	1	3
2	66	1	12	2	1	17	2	2	1	0	2	32	1	1	0	2
2	66	1	13	2	2	52	2	1	2	1	2	32	1	0	1	2
2	66	1	14	2	2	62	2	1	2	1	2	32	1	0	1	2
2	66	1	15	2	2	37	2	2	2	1	2	32	1	1	1	3
2	66	2	1	0	1	12	0	0	0	0	2	32	0	0	0	0
2	66	2	2	1	2	44	1	1	1	1	2	32	0	0	0	0
2	66	2	3	1	2	27	2	1	2	1	2	32	1	0	1	2
2	66	2	4	2	2	30	2	1	2	1	2	32	1	0	1	2
2	66	2	5	2	1	28	2	1	2	0	2	32	1	0	1	2
2	66	2	6	2	2	42	2	1	1	1	2	32	1	0	0	1
2	66	2	7	2	2	29	2	1	2	1	2	32	1	0	1	2
2	66	2	8	2	2	43	2	1	2	1	2	32	1	0	1	2
2	66	2	9	1	2	30	1	2	1	1	2	32	0	1	0	1
2	66	2	10	2	2	46	2	2	1	1	2	32	1	1	0	2
2	66	2	11	2	2	48	2	1	1	1	2	32	1	0	0	1
2	66	2	12	2	2	29	2	1	2	1	2	32	1	0	1	2
2	66	2	13	1	2	37	2	2	2	1	2	32	1	1	1	3
2	66	2	14	2	2	28	2	2	2	1	2	32	1	1	1	3
2	66	2	15	1	2	27	2	2	2	1	2	32	1	1	1	3
2	67	1	1	0	1	21	0	0	0	0	1	32	0	0	0	0
2	67	1	2	1	1	28	1	1	1	0	1	32	0	0	0	0
2	67	1	3	2	2	56	2	1	2	1	1	32	1	0	1	2
2	67	1	4	2	2	37	2	1	2	1	1	32	1	0	1	2
2	67	1	5	1	2	44	2	1	2	1	1	32	1	0	1	2
2	67	1	6	1	1	24	2	1	1	0	1	32	1	0	0	1
2	67	1	7	2	2	51	2	1	2	1	1	32	1	0	1	2
2	67	1	8	1	2	19	2	1	2	1	1	32	1	0	1	2
2	67	1	9	2	1	27	1	2	1	0	1	32	0	1	0	1
2	67	1	10	1	2	26	2	2	1	1	1	32	1	1	0	2
2	67	1	11	1	1	33	2	1	1	0	1	32	1	0	0	1
2	67	1	12	2	1	37	2	1	2	0	1	32	1	0	1	2
2	67	1	13	1	2	28	2	2	2	1	1	32	1	1	1	3
2	67	1	14	2	1	35	2	2	2	0	1	32	1	1	1	3
2	67	1	15	2	1	34	2	2	2	0	1	32	1	1	1	3
2	67	2	1	0	2	31	0	0	0	1	1	32	0	0	0	0
2	67	2	2	2	2	30	1	2	1	1	1	32	0	1	0	1
2	67	2	3	1	2	48	2	2	2	1	1	32	1	1	1	3
2	67	2	4	1	2	20	2	2	2	1	1	32	1	1	1	3
2	67	2	5	2	1	7	2	1	2	0	1	32	1	0	1	2
2	67	2	6	2	2	31	2	1	2	1	1	32	1	0	1	2
2	67	2	7	1	1	33	2	1	1	0	1	32	1	0	0	1
2	67	2	8	1	1	15	1	1	2	0	1	32	0	0	1	1
2	67	2	9	2	2	43	2	1	2	1	1	32	1	0	1	2
2	67	2	10	2	2	40	2	1	2	1	1	32	1	0	1	2
2	67	2	11	2	2	18	2	2	2	1	1	32	1	1	1	3
2	67	2	12	1	2	44	2	2	1	1	1	32	1	1	0	2
2	67	2	13	2	2	26	2	1	2	1	1	32	1	0	1	2
2	67	2	14	2	1	28	2	1	2	0	1	32	1	0	1	2
2	67	2	15	2	2	33	2	2	2	1	1	32	1	1	1	3
2	68	1	1	0	2	21	0	0	0	1	2	22	0	0	0	0
2	68	1	2	2	1	33	1	2	1	0	2	22	0	1	0	1
2	68	1	3	2	1	37	2	2	2	0	2	22	1	1	1	3
2	68	1	4	2	1	28	2	2	2	0	2	22	1	1	1	3
2	68	1	5	2	1	37	2	1	2	0	2	22	1	0	1	2
2	68	1	6	2	1	27	2	1	2	0	2	22	1	0	1	2
2	68	1	7	1	2	22	2	1	1	1	2	22	1	0	0	1
2	68	1	8	2	1	33	1	1	2	0	2	22	0	0	1	1
2	68	1	9	2	1	17	2	1	2	0	2	22	1	0	1	2
2	68	1	10	2	2	51	2	1	2	1	2	22	1	0	1	2
2	68	1	11	2	2	38	2	2	2	1	2	22	1	1	1	3
2	68	1	12	2	2	47	2	2	1	1	2	22	1	1	0	2
2	68	1	13	1	2	41	2	1	2	1	2	22	1	0	1	2
2	68	1	14	1	2	26	2	1	2	1	2	22	1	0	1	2
2	68	1	15	1	2	45	2	2	2	1	2	22	1	1	1	3
2	68	2	1	0	2	40	0	0	0	1	2	22	0	0	0	0
2	68	2	2	2	2	45	1	1	1	1	2	22	0	0	0	0
2	68	2	3	2	2	41	2	1	2	1	2	22	1	0	1	2
2	68	2	4	2	2	50	2	1	2	1	2	22	1	0	1	2
2	68	2	5	2	2	49	2	1	2	1	2	22	1	0	1	2
2	68	2	6	1	2	27	2	1	1	1	2	22	1	0	0	1
2	68	2	7	2	2	56	2	1	2	1	2	22	1	0	1	2
2	68	2	8	2	2	25	2	1	2	1	2	22	1	0	1	2
2	68	2	9	1	2	44	1	2	1	1	2	22	0	1	0	1
2	68	2	10	2	2	27	2	2	1	1	2	22	1	1	0	2
2	68	2	11	2	2	51	2	1	1	1	2	22	1	0	0	1
2	68	2	12	2	2	26	2	1	2	1	2	22	1	0	1	2
2	68	2	13	2	1	28	2	2	2	0	2	22	1	1	1	3
2	68	2	14	2	2	27	2	2	2	1	2	22	1	1	1	3
2	68	2	15	1	2	34	2	2	2	1	2	22	1	1	1	3
2	69	1	1	0	1	15	0	0	0	0	1	26	0	0	0	0
2	69	1	2	2	2	30	1	1	1	1	1	26	0	0	0	0
2	69	1	3	2	2	38	2	1	2	1	1	26	1	0	1	2
2	69	1	4	2	1	26	2	1	2	0	1	26	1	0	1	2
2	69	1	5	1	2	23	2	1	2	1	1	26	1	0	1	2
2	69	1	6	2	2	42	2	1	1	1	1	26	1	0	0	1
2	69	1	7	2	2	44	2	1	2	1	1	26	1	0	1	2
2	69	1	8	2	2	31	2	1	2	1	1	26	1	0	1	2
2	69	1	9	2	2	38	1	2	1	1	1	26	0	1	0	1
2	69	1	10	1	2	24	2	2	1	1	1	26	1	1	0	2
2	69	1	11	2	1	31	2	1	1	0	1	26	1	0	0	1
2	69	1	12	2	1	43	2	1	2	0	1	26	1	0	1	2
2	69	1	13	1	2	35	2	2	2	1	1	26	1	1	1	3
2	69	1	14	2	2	44	2	2	2	1	1	26	1	1	1	3
2	69	1	15	1	2	19	2	2	2	1	1	26	1	1	1	3
2	69	2	1	0	1	38	0	0	0	0	1	26	0	0	0	0
2	69	2	2	2	1	23	1	2	1	0	1	26	0	1	0	1
2	69	2	3	1	2	45	2	2	2	1	1	26	1	1	1	3
2	69	2	4	2	2	58	2	2	2	1	1	26	1	1	1	3
2	69	2	5	2	2	32	2	1	2	1	1	26	1	0	1	2
2	69	2	6	2	2	32	2	1	2	1	1	26	1	0	1	2
2	69	2	7	2	2	48	2	1	1	1	1	26	1	0	0	1
2	69	2	8	1	1	11	1	1	2	0	1	26	0	0	1	1
2	69	2	9	1	2	41	2	1	2	1	1	26	1	0	1	2
2	69	2	10	2	2	37	2	1	2	1	1	26	1	0	1	2
2	69	2	11	2	2	54	2	2	2	1	1	26	1	1	1	3
2	69	2	12	2	2	27	2	2	1	1	1	26	1	1	0	2
2	69	2	13	2	1	45	2	1	2	0	1	26	1	0	1	2
2	69	2	14	2	1	42	2	1	2	0	1	26	1	0	1	2
2	69	2	15	2	1	34	2	2	2	0	1	26	1	1	1	3
2	70	1	1	0	2	35	0	0	0	1	2	22	0	0	0	0
2	70	1	2	1	1	17	1	2	1	0	2	22	0	1	0	1
2	70	1	3	1	2	30	2	2	2	1	2	22	1	1	1	3
2	70	1	4	2	2	22	2	2	2	1	2	22	1	1	1	3
2	70	1	5	2	2	24	2	1	2	1	2	22	1	0	1	2
2	70	1	6	2	1	22	2	1	2	0	2	22	1	0	1	2
2	70	1	7	2	2	30	2	1	1	1	2	22	1	0	0	1
2	70	1	8	2	2	31	1	1	2	1	2	22	0	0	1	1
2	70	1	9	1	1	34	2	1	2	0	2	22	1	0	1	2
2	70	1	10	2	1	38	2	1	2	0	2	22	1	0	1	2
2	70	1	11	2	1	44	2	2	2	0	2	22	1	1	1	3
2	70	1	12	1	2	30	2	2	1	1	2	22	1	1	0	2
2	70	1	13	1	2	55	2	1	2	1	2	22	1	0	1	2
2	70	1	14	2	2	42	2	1	2	1	2	22	1	0	1	2
2	70	1	15	2	2	28	2	2	2	1	2	22	1	1	1	3
2	70	2	1	0	1	42	0	0	0	0	2	22	0	0	0	0
2	70	2	2	1	1	20	1	1	1	0	2	22	0	0	0	0
2	70	2	3	1	2	47	2	1	2	1	2	22	1	0	1	2
2	70	2	4	1	2	44	2	1	2	1	2	22	1	0	1	2
2	70	2	5	2	2	48	2	1	2	1	2	22	1	0	1	2
2	70	2	6	2	2	34	2	1	1	1	2	22	1	0	0	1
2	70	2	7	1	1	32	2	1	2	0	2	22	1	0	1	2
2	70	2	8	2	2	43	2	1	2	1	2	22	1	0	1	2
2	70	2	9	1	2	33	1	2	1	1	2	22	0	1	0	1
2	70	2	10	1	2	26	2	2	1	1	2	22	1	1	0	2
2	70	2	11	1	2	46	2	1	1	1	2	22	1	0	0	1
2	70	2	12	1	2	63	2	1	2	1	2	22	1	0	1	2
2	70	2	13	2	2	56	2	2	2	1	2	22	1	1	1	3
2	70	2	14	2	2	51	2	2	2	1	2	22	1	1	1	3
2	70	2	15	2	2	48	2	2	2	1	2	22	1	1	1	3
3	7	1	1	0	1	50	0	0	0	0	1	20	0	0	0	0
3	7	1	2	2	1	34	1	1	1	0	1	20	0	0	0	0
3	7	1	3	2	1	46	2	1	2	0	1	20	1	0	1	2
3	7	1	4	2	1	22	2	1	2	0	1	20	1	0	1	2
3	7	1	5	2	1	35	2	1	2	0	1	20	1	0	1	2
3	7	1	6	1	1	43	2	1	1	0	1	20	1	0	0	1
3	7	1	7	2	1	26	2	1	2	0	1	20	1	0	1	2
3	7	1	8	1	2	37	2	1	2	1	1	20	1	0	1	2
3	7	1	9	2	2	61	1	2	1	1	1	20	0	1	0	1
3	7	1	10	2	2	28	2	2	1	1	1	20	1	1	0	2
3	7	1	11	2	1	28	2	1	1	0	1	20	1	0	0	1
3	7	1	12	1	2	40	2	1	2	1	1	20	1	0	1	2
3	7	1	13	2	2	33	2	2	2	1	1	20	1	1	1	3
3	7	1	14	2	1	32	2	2	2	0	1	20	1	1	1	3
3	7	1	15	1	2	46	2	2	2	1	1	20	1	1	1	3
3	7	2	1	0	1	56	0	0	0	0	1	20	0	0	0	0
3	7	2	2	2	1	38	1	2	1	0	1	20	0	1	0	1
3	7	2	3	2	1	29	2	2	2	0	1	20	1	1	1	3
3	7	2	4	1	2	53	2	2	2	1	1	20	1	1	1	3
3	7	2	5	2	2	31	2	1	2	1	1	20	1	0	1	2
3	7	2	6	1	2	35	2	1	2	1	1	20	1	0	1	2
3	7	2	7	2	1	33	2	1	1	0	1	20	1	0	0	1
3	7	2	8	2	1	25	1	1	2	0	1	20	0	0	1	1
3	7	2	9	1	2	44	2	1	2	1	1	20	1	0	1	2
3	7	2	10	2	2	50	2	1	2	1	1	20	1	0	1	2
3	7	2	11	1	2	36	2	2	2	1	1	20	1	1	1	3
3	7	2	12	2	2	42	2	2	1	1	1	20	1	1	0	2
3	7	2	13	1	2	53	2	1	2	1	1	20	1	0	1	2
3	7	2	14	2	1	11	2	1	2	0	1	20	1	0	1	2
3	7	2	15	2	2	34	2	2	2	1	1	20	1	1	1	3
3	8	1	1	0	1	21	0	0	0	0	2	22	0	0	0	0
3	8	1	2	1	1	20	1	2	1	0	2	22	0	1	0	1
3	8	1	3	1	2	38	2	2	2	1	2	22	1	1	1	3
3	8	1	4	1	2	35	2	2	2	1	2	22	1	1	1	3
3	8	1	5	1	2	59	2	1	2	1	2	22	1	0	1	2
3	8	1	6	1	1	40	2	1	2	0	2	22	1	0	1	2
3	8	1	7	1	2	35	2	1	1	1	2	22	1	0	0	1
3	8	1	8	1	2	46	1	1	2	1	2	22	0	0	1	1
3	8	1	9	1	1	38	2	1	2	0	2	22	1	0	1	2
3	8	1	10	1	2	51	2	1	2	1	2	22	1	0	1	2
3	8	1	11	1	1	23	2	2	2	0	2	22	1	1	1	3
3	8	1	12	1	2	46	2	2	1	1	2	22	1	1	0	2
3	8	1	13	1	2	40	2	1	2	1	2	22	1	0	1	2
3	8	1	14	1	2	33	2	1	2	1	2	22	1	0	1	2
3	8	1	15	1	2	40	2	2	2	1	2	22	1	1	1	3
3	8	2	1	0	2	35	0	0	0	1	2	22	0	0	0	0
3	8	2	2	1	1	6	1	1	1	0	2	22	0	0	0	0
3	8	2	3	1	2	56	2	1	2	1	2	22	1	0	1	2
3	8	2	4	1	2	28	2	1	2	1	2	22	1	0	1	2
3	8	2	5	1	2	42	2	1	2	1	2	22	1	0	1	2
3	8	2	6	1	2	45	2	1	1	1	2	22	1	0	0	1
3	8	2	7	2	2	47	2	1	2	1	2	22	1	0	1	2
3	8	2	8	2	2	41	2	1	2	1	2	22	1	0	1	2
3	8	2	9	2	2	46	1	2	1	1	2	22	0	1	0	1
3	8	2	10	2	2	40	2	2	1	1	2	22	1	1	0	2
3	8	2	11	2	2	24	2	1	1	1	2	22	1	0	0	1
3	8	2	12	2	2	25	2	1	2	1	2	22	1	0	1	2
3	8	2	13	2	2	37	2	2	2	1	2	22	1	1	1	3
3	8	2	14	1	2	20	2	2	2	1	2	22	1	1	1	3
3	8	2	15	1	2	19	2	2	2	1	2	22	1	1	1	3
3	11	1	1	0	2	35	0	0	0	1	2	20	0	0	0	0
3	11	1	2	1	1	23	1	2	1	0	2	20	0	1	0	1
3	11	1	3	1	2	18	2	2	2	1	2	20	1	1	1	3
3	11	1	4	2	1	27	2	2	2	0	2	20	1	1	1	3
3	11	1	5	1	2	44	2	1	2	1	2	20	1	0	1	2
3	11	1	6	1	1	29	2	1	2	0	2	20	1	0	1	2
3	11	1	7	1	2	49	2	1	1	1	2	20	1	0	0	1
3	11	1	8	1	2	37	1	1	2	1	2	20	0	0	1	1
3	11	1	9	1	1	8	2	1	2	0	2	20	1	0	1	2
3	11	1	10	2	2	44	2	1	2	1	2	20	1	0	1	2
3	11	1	11	2	2	25	2	2	2	1	2	20	1	1	1	3
3	11	1	12	2	1	17	2	2	1	0	2	20	1	1	0	2
3	11	1	13	1	2	40	2	1	2	1	2	20	1	0	1	2
3	11	1	14	1	2	58	2	1	2	1	2	20	1	0	1	2
3	11	1	15	1	2	35	2	2	2	1	2	20	1	1	1	3
3	11	2	1	0	2	51	0	0	0	1	2	20	0	0	0	0
3	11	2	2	2	2	26	1	1	1	1	2	20	0	0	0	0
3	11	2	3	2	1	20	2	1	2	0	2	20	1	0	1	2
3	11	2	4	1	1	17	2	1	2	0	2	20	1	0	1	2
3	11	2	5	2	2	26	2	1	2	1	2	20	1	0	1	2
3	11	2	6	2	1	23	2	1	1	0	2	20	1	0	0	1
3	11	2	7	1	1	32	2	1	2	0	2	20	1	0	1	2
3	11	2	8	1	1	5	2	1	2	0	2	20	1	0	1	2
3	11	2	9	1	2	34	1	2	1	1	2	20	0	1	0	1
3	11	2	10	2	2	45	2	2	1	1	2	20	1	1	0	2
3	11	2	11	1	2	52	2	1	1	1	2	20	1	0	0	1
3	11	2	12	1	2	26	2	1	2	1	2	20	1	0	1	2
3	11	2	13	1	2	51	2	2	2	1	2	20	1	1	1	3
3	11	2	14	2	2	26	2	2	2	1	2	20	1	1	1	3
3	11	2	15	1	2	46	2	2	2	1	2	20	1	1	1	3
3	12	1	1	0	1	36	0	0	0	0	1	20	0	0	0	0
3	12	1	2	1	1	39	1	1	1	0	1	20	0	0	0	0
3	12	1	3	1	2	33	2	1	2	1	1	20	1	0	1	2
3	12	1	4	1	2	68	2	1	2	1	1	20	1	0	1	2
3	12	1	5	1	2	32	2	1	2	1	1	20	1	0	1	2
3	12	1	6	1	1	18	2	1	1	0	1	20	1	0	0	1
3	12	1	7	1	2	42	2	1	2	1	1	20	1	0	1	2
3	12	1	8	1	2	40	2	1	2	1	1	20	1	0	1	2
3	12	1	9	2	2	53	1	2	1	1	1	20	0	1	0	1
3	12	1	10	1	2	48	2	2	1	1	1	20	1	1	0	2
3	12	1	11	1	1	17	2	1	1	0	1	20	1	0	0	1
3	12	1	12	1	2	52	2	1	2	1	1	20	1	0	1	2
3	12	1	13	2	2	24	2	2	2	1	1	20	1	1	1	3
3	12	1	14	1	2	24	2	2	2	1	1	20	1	1	1	3
3	12	1	15	1	2	49	2	2	2	1	1	20	1	1	1	3
3	12	2	1	0	1	47	0	0	0	0	1	20	0	0	0	0
3	12	2	2	1	1	29	1	2	1	0	1	20	0	1	0	1
3	12	2	3	1	2	43	2	2	2	1	1	20	1	1	1	3
3	12	2	4	1	2	47	2	2	2	1	1	20	1	1	1	3
3	12	2	5	2	2	20	2	1	2	1	1	20	1	0	1	2
3	12	2	6	1	2	44	2	1	2	1	1	20	1	0	1	2
3	12	2	7	1	1	17	2	1	1	0	1	20	1	0	0	1
3	12	2	8	1	1	31	1	1	2	0	1	20	0	0	1	1
3	12	2	9	2	1	30	2	1	2	0	1	20	1	0	1	2
3	12	2	10	1	2	28	2	1	2	1	1	20	1	0	1	2
3	12	2	11	1	2	49	2	2	2	1	1	20	1	1	1	3
3	12	2	12	2	2	44	2	2	1	1	1	20	1	1	0	2
3	12	2	13	1	2	36	2	1	2	1	1	20	1	0	1	2
3	12	2	14	1	2	40	2	1	2	1	1	20	1	0	1	2
3	12	2	15	2	2	41	2	2	2	1	1	20	1	1	1	3
3	15	1	1	0	1	22	0	0	0	0	2	25	0	0	0	0
3	15	1	2	1	1	30	1	2	1	0	2	25	0	1	0	1
3	15	1	3	1	2	35	2	2	2	1	2	25	1	1	1	3
3	15	1	4	1	2	27	2	2	2	1	2	25	1	1	1	3
3	15	1	5	1	2	52	2	1	2	1	2	25	1	0	1	2
3	15	1	6	1	1	25	2	1	2	0	2	25	1	0	1	2
3	15	1	7	1	2	36	2	1	1	1	2	25	1	0	0	1
3	15	1	8	1	2	59	1	1	2	1	2	25	0	0	1	1
3	15	1	9	1	1	41	2	1	2	0	2	25	1	0	1	2
3	15	1	10	2	1	21	2	1	2	0	2	25	1	0	1	2
3	15	1	11	1	1	37	2	2	2	0	2	25	1	1	1	3
3	15	1	12	1	2	21	2	2	1	1	2	25	1	1	0	2
3	15	1	13	1	2	40	2	1	2	1	2	25	1	0	1	2
3	15	1	14	1	2	42	2	1	2	1	2	25	1	0	1	2
3	15	1	15	1	2	42	2	2	2	1	2	25	1	1	1	3
3	15	2	1	0	1	27	0	0	0	0	2	25	0	0	0	0
3	15	2	2	1	1	38	1	1	1	0	2	25	0	0	0	0
3	15	2	3	1	2	45	2	1	2	1	2	25	1	0	1	2
3	15	2	4	1	2	15	2	1	2	1	2	25	1	0	1	2
3	15	2	5	1	2	25	2	1	2	1	2	25	1	0	1	2
3	15	2	6	1	2	29	2	1	1	1	2	25	1	0	0	1
3	15	2	7	1	1	27	2	1	2	0	2	25	1	0	1	2
3	15	2	8	1	1	8	2	1	2	0	2	25	1	0	1	2
3	15	2	9	1	2	52	1	2	1	1	2	25	0	1	0	1
3	15	2	10	1	2	45	2	2	1	1	2	25	1	1	0	2
3	15	2	11	1	2	33	2	1	1	1	2	25	1	0	0	1
3	15	2	12	1	2	49	2	1	2	1	2	25	1	0	1	2
3	15	2	13	2	1	43	2	2	2	0	2	25	1	1	1	3
3	15	2	14	1	2	46	2	2	2	1	2	25	1	1	1	3
3	15	2	15	1	2	36	2	2	2	1	2	25	1	1	1	3
3	17	1	1	0	2	27	0	0	0	1	2	20	0	0	0	0
3	17	1	2	1	1	41	1	2	1	0	2	20	0	1	0	1
3	17	1	3	1	2	33	2	2	2	1	2	20	1	1	1	3
3	17	1	4	1	2	43	2	2	2	1	2	20	1	1	1	3
3	17	1	5	1	2	36	2	1	2	1	2	20	1	0	1	2
3	17	1	6	1	1	35	2	1	2	0	2	20	1	0	1	2
3	17	1	7	1	2	35	2	1	1	1	2	20	1	0	0	1
3	17	1	8	1	2	27	1	1	2	1	2	20	0	0	1	1
3	17	1	9	1	1	32	2	1	2	0	2	20	1	0	1	2
3	17	1	10	1	2	47	2	1	2	1	2	20	1	0	1	2
3	17	1	11	1	1	22	2	2	2	0	2	20	1	1	1	3
3	17	1	12	1	2	34	2	2	1	1	2	20	1	1	0	2
3	17	1	13	1	2	42	2	1	2	1	2	20	1	0	1	2
3	17	1	14	1	2	28	2	1	2	1	2	20	1	0	1	2
3	17	1	15	1	2	23	2	2	2	1	2	20	1	1	1	3
3	17	2	1	0	2	43	0	0	0	1	2	20	0	0	0	0
3	17	2	2	1	1	24	1	1	1	0	2	20	0	0	0	0
3	17	2	3	1	2	33	2	1	2	1	2	20	1	0	1	2
3	17	2	4	1	2	33	2	1	2	1	2	20	1	0	1	2
3	17	2	5	1	2	34	2	1	2	1	2	20	1	0	1	2
3	17	2	6	1	2	22	2	1	1	1	2	20	1	0	0	1
3	17	2	7	1	1	31	2	1	2	0	2	20	1	0	1	2
3	17	2	8	1	1	41	2	1	2	0	2	20	1	0	1	2
3	17	2	9	1	2	42	1	2	1	1	2	20	0	1	0	1
3	17	2	10	1	2	36	2	2	1	1	2	20	1	1	0	2
3	17	2	11	1	2	27	2	1	1	1	2	20	1	0	0	1
3	17	2	12	1	2	38	2	1	2	1	2	20	1	0	1	2
3	17	2	13	1	2	32	2	2	2	1	2	20	1	1	1	3
3	17	2	14	2	2	35	2	2	2	1	2	20	1	1	1	3
3	17	2	15	1	2	20	2	2	2	1	2	20	1	1	1	3
3	18	1	1	0	1	26	0	0	0	0	1	25	0	0	0	0
3	18	1	2	1	1	59	1	1	1	0	1	25	0	0	0	0
3	18	1	3	1	2	39	2	1	2	1	1	25	1	0	1	2
3	18	1	4	2	1	16	2	1	2	0	1	25	1	0	1	2
3	18	1	5	1	2	65	2	1	2	1	1	25	1	0	1	2
3	18	1	6	1	1	26	2	1	1	0	1	25	1	0	0	1
3	18	1	7	1	2	52	2	1	2	1	1	25	1	0	1	2
3	18	1	8	1	2	68	2	1	2	1	1	25	1	0	1	2
3	18	1	9	2	2	46	1	2	1	1	1	25	0	1	0	1
3	18	1	10	2	2	35	2	2	1	1	1	25	1	1	0	2
3	18	1	11	2	2	30	2	1	1	1	1	25	1	0	0	1
3	18	1	12	1	2	60	2	1	2	1	1	25	1	0	1	2
3	18	1	13	1	2	35	2	2	2	1	1	25	1	1	1	3
3	18	1	14	1	2	25	2	2	2	1	1	25	1	1	1	3
3	18	1	15	1	2	29	2	2	2	1	1	25	1	1	1	3
3	18	2	1	0	1	41	0	0	0	0	1	25	0	0	0	0
3	18	2	2	2	1	35	1	2	1	0	1	25	0	1	0	1
3	18	2	3	1	2	50	2	2	2	1	1	25	1	1	1	3
3	18	2	4	1	2	26	2	2	2	1	1	25	1	1	1	3
3	18	2	5	1	2	41	2	1	2	1	1	25	1	0	1	2
3	18	2	6	2	2	30	2	1	2	1	1	25	1	0	1	2
3	18	2	7	2	2	49	2	1	1	1	1	25	1	0	0	1
3	18	2	8	2	2	45	1	1	2	1	1	25	0	0	1	1
3	18	2	9	2	2	49	2	1	2	1	1	25	1	0	1	2
3	18	2	10	1	2	14	2	1	2	1	1	25	1	0	1	2
3	18	2	11	2	1	37	2	2	2	0	1	25	1	1	1	3
3	18	2	12	1	2	42	2	2	1	1	1	25	1	1	0	2
3	18	2	13	1	2	42	2	1	2	1	1	25	1	0	1	2
3	18	2	14	2	2	28	2	1	2	1	1	25	1	0	1	2
3	18	2	15	2	1	37	2	2	2	0	1	25	1	1	1	3
3	20	1	1	0	1	3	0	0	0	0	1	20	0	0	0	0
3	20	1	2	1	1	41	1	1	1	0	1	20	0	0	0	0
3	20	1	3	1	2	43	2	1	2	1	1	20	1	0	1	2
3	20	1	4	1	2	47	2	1	2	1	1	20	1	0	1	2
3	20	1	5	1	2	32	2	1	2	1	1	20	1	0	1	2
3	20	1	6	1	1	35	2	1	1	0	1	20	1	0	0	1
3	20	1	7	1	2	55	2	1	2	1	1	20	1	0	1	2
3	20	1	8	1	2	14	2	1	2	1	1	20	1	0	1	2
3	20	1	9	1	1	34	1	2	1	0	1	20	0	1	0	1
3	20	1	10	1	2	39	2	2	1	1	1	20	1	1	0	2
3	20	1	11	2	2	25	2	1	1	1	1	20	1	0	0	1
3	20	1	12	2	1	26	2	1	2	0	1	20	1	0	1	2
3	20	1	13	1	2	47	2	2	2	1	1	20	1	1	1	3
3	20	1	14	1	2	43	2	2	2	1	1	20	1	1	1	3
3	20	1	15	1	2	42	2	2	2	1	1	20	1	1	1	3
3	20	2	1	0	1	28	0	0	0	0	1	20	0	0	0	0
3	20	2	2	1	1	38	1	2	1	0	1	20	0	1	0	1
3	20	2	3	1	2	28	2	2	2	1	1	20	1	1	1	3
3	20	2	4	1	2	19	2	2	2	1	1	20	1	1	1	3
3	20	2	5	1	2	23	2	1	2	1	1	20	1	0	1	2
3	20	2	6	1	2	33	2	1	2	1	1	20	1	0	1	2
3	20	2	7	1	1	30	2	1	1	0	1	20	1	0	0	1
3	20	2	8	1	1	38	1	1	2	0	1	20	0	0	1	1
3	20	2	9	1	2	29	2	1	2	1	1	20	1	0	1	2
3	20	2	10	1	2	44	2	1	2	1	1	20	1	0	1	2
3	20	2	11	1	2	41	2	2	2	1	1	20	1	1	1	3
3	20	2	12	1	2	55	2	2	1	1	1	20	1	1	0	2
3	20	2	13	1	2	46	2	1	2	1	1	20	1	0	1	2
3	20	2	14	2	2	20	2	1	2	1	1	20	1	0	1	2
3	20	2	15	2	1	31	2	2	2	0	1	20	1	1	1	3
3	21	1	1	0	2	37	0	0	0	1	1	20	0	0	0	0
3	21	1	2	1	1	51	1	1	1	0	1	20	0	0	0	0
3	21	1	3	1	2	38	2	1	2	1	1	20	1	0	1	2
3	21	1	4	1	2	48	2	1	2	1	1	20	1	0	1	2
3	21	1	5	1	2	30	2	1	2	1	1	20	1	0	1	2
3	21	1	6	2	2	46	2	1	1	1	1	20	1	0	0	1
3	21	1	7	1	2	41	2	1	2	1	1	20	1	0	1	2
3	21	1	8	1	2	38	2	1	2	1	1	20	1	0	1	2
3	21	1	9	1	1	23	1	2	1	0	1	20	0	1	0	1
3	21	1	10	1	2	31	2	2	1	1	1	20	1	1	0	2
3	21	1	11	1	1	47	2	1	1	0	1	20	1	0	0	1
3	21	1	12	1	2	59	2	1	2	1	1	20	1	0	1	2
3	21	1	13	1	2	53	2	2	2	1	1	20	1	1	1	3
3	21	1	14	1	2	48	2	2	2	1	1	20	1	1	1	3
3	21	1	15	1	2	57	2	2	2	1	1	20	1	1	1	3
3	21	2	1	0	1	26	0	0	0	0	1	20	0	0	0	0
3	21	2	2	2	1	52	1	2	1	0	1	20	0	1	0	1
3	21	2	3	1	2	30	2	2	2	1	1	20	1	1	1	3
3	21	2	4	1	2	51	2	2	2	1	1	20	1	1	1	3
3	21	2	5	1	2	30	2	1	2	1	1	20	1	0	1	2
3	21	2	6	1	2	48	2	1	2	1	1	20	1	0	1	2
3	21	2	7	1	1	10	2	1	1	0	1	20	1	0	0	1
3	21	2	8	1	1	25	1	1	2	0	1	20	0	0	1	1
3	21	2	9	1	2	30	2	1	2	1	1	20	1	0	1	2
3	21	2	10	1	2	19	2	1	2	1	1	20	1	0	1	2
3	21	2	11	1	2	44	2	2	2	1	1	20	1	1	1	3
3	21	2	12	1	2	31	2	2	1	1	1	20	1	1	0	2
3	21	2	13	1	2	21	2	1	2	1	1	20	1	0	1	2
3	21	2	14	1	2	39	2	1	2	1	1	20	1	0	1	2
3	21	2	15	1	2	16	2	2	2	1	1	20	1	1	1	3
3	22	1	1	0	1	20	0	0	0	0	2	28	0	0	0	0
3	22	1	2	2	1	41	1	2	1	0	2	28	0	1	0	1
3	22	1	3	1	2	48	2	2	2	1	2	28	1	1	1	3
3	22	1	4	2	2	21	2	2	2	1	2	28	1	1	1	3
3	22	1	5	1	2	44	2	1	2	1	2	28	1	0	1	2
3	22	1	6	2	2	38	2	1	2	1	2	28	1	0	1	2
3	22	1	7	1	2	39	2	1	1	1	2	28	1	0	0	1
3	22	1	8	2	2	45	1	1	2	1	2	28	0	0	1	1
3	22	1	9	1	1	32	2	1	2	0	2	28	1	0	1	2
3	22	1	10	2	1	33	2	1	2	0	2	28	1	0	1	2
3	22	1	11	1	1	46	2	2	2	0	2	28	1	1	1	3
3	22	1	12	2	1	39	2	2	1	0	2	28	1	1	0	2
3	22	1	13	1	2	29	2	1	2	1	2	28	1	0	1	2
3	22	1	14	2	2	39	2	1	2	1	2	28	1	0	1	2
3	22	1	15	2	2	59	2	2	2	1	2	28	1	1	1	3
3	22	2	1	0	1	34	0	0	0	0	2	28	0	0	0	0
3	22	2	2	1	1	34	1	1	1	0	2	28	0	0	0	0
3	22	2	3	2	1	32	2	1	2	0	2	28	1	0	1	2
3	22	2	4	1	1	33	2	1	2	0	2	28	1	0	1	2
3	22	2	5	2	1	37	2	1	2	0	2	28	1	0	1	2
3	22	2	6	1	2	25	2	1	1	1	2	28	1	0	0	1
3	22	2	7	2	2	53	2	1	2	1	2	28	1	0	1	2
3	22	2	8	1	1	31	2	1	2	0	2	28	1	0	1	2
3	22	2	9	1	2	51	1	2	1	1	2	28	0	1	0	1
3	22	2	10	2	2	18	2	2	1	1	2	28	1	1	0	2
3	22	2	11	1	2	42	2	1	1	1	2	28	1	0	0	1
3	22	2	12	1	2	55	2	1	2	1	2	28	1	0	1	2
3	22	2	13	2	2	54	2	2	2	1	2	28	1	1	1	3
3	22	2	14	1	2	29	2	2	2	1	2	28	1	1	1	3
3	22	2	15	2	2	68	2	2	2	1	2	28	1	1	1	3
3	27	1	1	0	2	41	0	0	0	1	1	20	0	0	0	0
3	27	1	2	1	2	32	1	1	1	1	1	20	0	0	0	0
3	27	1	3	2	1	59	2	1	2	0	1	20	1	0	1	2
3	27	1	4	1	2	31	2	1	2	1	1	20	1	0	1	2
3	27	1	5	2	1	44	2	1	2	0	1	20	1	0	1	2
3	27	1	6	1	2	40	2	1	1	1	1	20	1	0	0	1
3	27	1	7	2	1	43	2	1	2	0	1	20	1	0	1	2
3	27	1	8	1	2	36	2	1	2	1	1	20	1	0	1	2
3	27	1	9	2	1	15	1	2	1	0	1	20	0	1	0	1
3	27	1	10	1	1	14	2	2	1	0	1	20	1	1	0	2
3	27	1	11	2	2	34	2	1	1	1	1	20	1	0	0	1
3	27	1	12	1	2	31	2	1	2	1	1	20	1	0	1	2
3	27	1	13	1	2	43	2	2	2	1	1	20	1	1	1	3
3	27	1	14	2	2	29	2	2	2	1	1	20	1	1	1	3
3	27	1	15	2	1	9	2	2	2	0	1	20	1	1	1	3
3	27	2	1	0	1	47	0	0	0	0	1	20	0	0	0	0
3	27	2	2	1	1	30	1	2	1	0	1	20	0	1	0	1
3	27	2	3	1	2	25	2	2	2	1	1	20	1	1	1	3
3	27	2	4	1	2	56	2	2	2	1	1	20	1	1	1	3
3	27	2	5	1	2	26	2	1	2	1	1	20	1	0	1	2
3	27	2	6	1	2	42	2	1	2	1	1	20	1	0	1	2
3	27	2	7	1	1	24	2	1	1	0	1	20	1	0	0	1
3	27	2	8	1	1	30	1	1	2	0	1	20	0	0	1	1
3	27	2	9	1	2	39	2	1	2	1	1	20	1	0	1	2
3	27	2	10	1	2	39	2	1	2	1	1	20	1	0	1	2
3	27	2	11	1	2	47	2	2	2	1	1	20	1	1	1	3
3	27	2	12	1	2	47	2	2	1	1	1	20	1	1	0	2
3	27	2	13	1	2	42	2	1	2	1	1	20	1	0	1	2
3	27	2	14	1	2	42	2	1	2	1	1	20	1	0	1	2
3	27	2	15	1	2	53	2	2	2	1	1	20	1	1	1	3
3	32	1	1	0	1	18	0	0	0	0	1	20	0	0	0	0
3	32	1	2	1	1	43	1	1	1	0	1	20	0	0	0	0
3	32	1	3	1	2	47	2	1	2	1	1	20	1	0	1	2
3	32	1	4	1	2	51	2	1	2	1	1	20	1	0	1	2
3	32	1	5	2	1	27	2	1	2	0	1	20	1	0	1	2
3	32	1	6	1	1	36	2	1	1	0	1	20	1	0	0	1
3	32	1	7	1	2	32	2	1	2	1	1	20	1	0	1	2
3	32	1	8	1	2	37	2	1	2	1	1	20	1	0	1	2
3	32	1	9	2	2	40	1	2	1	1	1	20	0	1	0	1
3	32	1	10	1	2	45	2	2	1	1	1	20	1	1	0	2
3	32	1	11	1	1	19	2	1	1	0	1	20	1	0	0	1
3	32	1	12	2	2	13	2	1	2	1	1	20	1	0	1	2
3	32	1	13	1	2	35	2	2	2	1	1	20	1	1	1	3
3	32	1	14	1	2	24	2	2	2	1	1	20	1	1	1	3
3	32	1	15	1	2	43	2	2	2	1	1	20	1	1	1	3
3	32	2	1	0	1	19	0	0	0	0	1	20	0	0	0	0
3	32	2	2	1	1	32	1	2	1	0	1	20	0	1	0	1
3	32	2	3	1	2	35	2	2	2	1	1	20	1	1	1	3
3	32	2	4	2	2	44	2	2	2	1	1	20	1	1	1	3
3	32	2	5	1	2	27	2	1	2	1	1	20	1	0	1	2
3	32	2	6	1	2	39	2	1	2	1	1	20	1	0	1	2
3	32	2	7	2	2	50	2	1	1	1	1	20	1	0	0	1
3	32	2	8	1	1	41	1	1	2	0	1	20	0	0	1	1
3	32	2	9	1	2	30	2	1	2	1	1	20	1	0	1	2
3	32	2	10	1	2	43	2	1	2	1	1	20	1	0	1	2
3	32	2	11	2	2	38	2	2	2	1	1	20	1	1	1	3
3	32	2	12	1	2	28	2	2	1	1	1	20	1	1	0	2
3	32	2	13	1	2	57	2	1	2	1	1	20	1	0	1	2
3	32	2	14	2	2	49	2	1	2	1	1	20	1	0	1	2
3	32	2	15	1	2	31	2	2	2	1	1	20	1	1	1	3
3	34	1	1	0	1	20	0	0	0	0	2	25	0	0	0	0
3	34	1	2	1	1	31	1	2	1	0	2	25	0	1	0	1
3	34	1	3	1	2	38	2	2	2	1	2	25	1	1	1	3
3	34	1	4	1	2	35	2	2	2	1	2	25	1	1	1	3
3	34	1	5	1	2	27	2	1	2	1	2	25	1	0	1	2
3	34	1	6	1	1	25	2	1	2	0	2	25	1	0	1	2
3	34	1	7	1	2	32	2	1	1	1	2	25	1	0	0	1
3	34	1	8	1	2	33	1	1	2	1	2	25	0	0	1	1
3	34	1	9	1	1	34	2	1	2	0	2	25	1	0	1	2
3	34	1	10	1	2	38	2	1	2	1	2	25	1	0	1	2
3	34	1	11	1	1	27	2	2	2	0	2	25	1	1	1	3
3	34	1	12	1	2	36	2	2	1	1	2	25	1	1	0	2
3	34	1	13	1	2	31	2	1	2	1	2	25	1	0	1	2
3	34	1	14	1	2	48	2	1	2	1	2	25	1	0	1	2
3	34	1	15	1	2	34	2	2	2	1	2	25	1	1	1	3
3	34	2	1	0	1	43	0	0	0	0	2	25	0	0	0	0
3	34	2	2	1	1	36	1	1	1	0	2	25	0	0	0	0
3	34	2	3	1	1	32	2	1	2	0	2	25	1	0	1	2
3	34	2	4	2	2	38	2	1	2	1	2	25	1	0	1	2
3	34	2	5	2	2	21	2	1	2	1	2	25	1	0	1	2
3	34	2	6	2	1	29	2	1	1	0	2	25	1	0	0	1
3	34	2	7	1	1	32	2	1	2	0	2	25	1	0	1	2
3	34	2	8	2	1	31	2	1	2	0	2	25	1	0	1	2
3	34	2	9	1	1	32	1	2	1	0	2	25	0	1	0	1
3	34	2	10	2	2	48	2	2	1	1	2	25	1	1	0	2
3	34	2	11	2	2	41	2	1	1	1	2	25	1	0	0	1
3	34	2	12	2	2	39	2	1	2	1	2	25	1	0	1	2
3	34	2	13	2	2	68	2	2	2	1	2	25	1	1	1	3
3	34	2	14	2	2	40	2	2	2	1	2	25	1	1	1	3
3	34	2	15	2	2	30	2	2	2	1	2	25	1	1	1	3
3	37	1	1	0	1	26	0	0	0	0	1	20	0	0	0	0
3	37	1	2	1	1	53	1	1	1	0	1	20	0	0	0	0
3	37	1	3	1	2	38	2	1	2	1	1	20	1	0	1	2
3	37	1	4	1	2	39	2	1	2	1	1	20	1	0	1	2
3	37	1	5	1	2	46	2	1	2	1	1	20	1	0	1	2
3	37	1	6	1	1	28	2	1	1	0	1	20	1	0	0	1
3	37	1	7	1	2	28	2	1	2	1	1	20	1	0	1	2
3	37	1	8	1	2	44	2	1	2	1	1	20	1	0	1	2
3	37	1	9	1	1	26	1	2	1	0	1	20	0	1	0	1
3	37	1	10	2	1	43	2	2	1	0	1	20	1	1	0	2
3	37	1	11	1	1	27	2	1	1	0	1	20	1	0	0	1
3	37	1	12	1	2	39	2	1	2	1	1	20	1	0	1	2
3	37	1	13	1	2	37	2	2	2	1	1	20	1	1	1	3
3	37	1	14	1	2	54	2	2	2	1	1	20	1	1	1	3
3	37	1	15	1	2	42	2	2	2	1	1	20	1	1	1	3
3	37	2	1	0	2	38	0	0	0	1	1	20	0	0	0	0
3	37	2	2	1	1	45	1	2	1	0	1	20	0	1	0	1
3	37	2	3	1	2	36	2	2	2	1	1	20	1	1	1	3
3	37	2	4	1	2	38	2	2	2	1	1	20	1	1	1	3
3	37	2	5	1	2	40	2	1	2	1	1	20	1	0	1	2
3	37	2	6	1	2	52	2	1	2	1	1	20	1	0	1	2
3	37	2	7	1	1	27	2	1	1	0	1	20	1	0	0	1
3	37	2	8	1	1	56	1	1	2	0	1	20	0	0	1	1
3	37	2	9	1	2	40	2	1	2	1	1	20	1	0	1	2
3	37	2	10	1	2	22	2	1	2	1	1	20	1	0	1	2
3	37	2	11	1	2	39	2	2	2	1	1	20	1	1	1	3
3	37	2	12	1	2	33	2	2	1	1	1	20	1	1	0	2
3	37	2	13	1	2	43	2	1	2	1	1	20	1	0	1	2
3	37	2	14	1	2	54	2	1	2	1	1	20	1	0	1	2
3	37	2	15	1	2	55	2	2	2	1	1	20	1	1	1	3
3	38	1	1	0	1	18	0	0	0	0	2	20	0	0	0	0
3	38	1	2	1	1	20	1	2	1	0	2	20	0	1	0	1
3	38	1	3	1	2	43	2	2	2	1	2	20	1	1	1	3
3	38	1	4	1	2	30	2	2	2	1	2	20	1	1	1	3
3	38	1	5	1	2	51	2	1	2	1	2	20	1	0	1	2
3	38	1	6	1	1	14	2	1	2	0	2	20	1	0	1	2
3	38	1	7	1	2	42	2	1	1	1	2	20	1	0	0	1
3	38	1	8	2	2	29	1	1	2	1	2	20	0	0	1	1
3	38	1	9	2	1	28	2	1	2	0	2	20	1	0	1	2
3	38	1	10	1	2	41	2	1	2	1	2	20	1	0	1	2
3	38	1	11	1	1	39	2	2	2	0	2	20	1	1	1	3
3	38	1	12	2	1	42	2	2	1	0	2	20	1	1	0	2
3	38	1	13	2	1	23	2	1	2	0	2	20	1	0	1	2
3	38	1	14	2	2	47	2	1	2	1	2	20	1	0	1	2
3	38	1	15	1	2	39	2	2	2	1	2	20	1	1	1	3
3	38	2	1	0	1	26	0	0	0	0	2	20	0	0	0	0
3	38	2	2	1	1	32	1	1	1	0	2	20	0	0	0	0
3	38	2	3	1	2	37	2	1	2	1	2	20	1	0	1	2
3	38	2	4	1	2	51	2	1	2	1	2	20	1	0	1	2
3	38	2	5	1	2	38	2	1	2	1	2	20	1	0	1	2
3	38	2	6	2	2	25	2	1	1	1	2	20	1	0	0	1
3	38	2	7	1	1	26	2	1	2	0	2	20	1	0	1	2
3	38	2	8	1	1	32	2	1	2	0	2	20	1	0	1	2
3	38	2	9	1	2	26	1	2	1	1	2	20	0	1	0	1
3	38	2	10	2	1	26	2	2	1	0	2	20	1	1	0	2
3	38	2	11	1	2	47	2	1	1	1	2	20	1	0	0	1
3	38	2	12	1	2	42	2	1	2	1	2	20	1	0	1	2
3	38	2	13	2	2	44	2	2	2	1	2	20	1	1	1	3
3	38	2	14	2	2	52	2	2	2	1	2	20	1	1	1	3
3	38	2	15	2	2	49	2	2	2	1	2	20	1	1	1	3
3	41	1	1	0	2	34	0	0	0	1	1	20	0	0	0	0
3	41	1	2	2	2	26	1	1	1	1	1	20	0	0	0	0
3	41	1	3	1	2	34	2	1	2	1	1	20	1	0	1	2
3	41	1	4	1	2	51	2	1	2	1	1	20	1	0	1	2
3	41	1	5	2	2	26	2	1	2	1	1	20	1	0	1	2
3	41	1	6	1	1	23	2	1	1	0	1	20	1	0	0	1
3	41	1	7	2	2	19	2	1	2	1	1	20	1	0	1	2
3	41	1	8	1	2	45	2	1	2	1	1	20	1	0	1	2
3	41	1	9	1	1	8	1	2	1	0	1	20	0	1	0	1
3	41	1	10	2	2	50	2	2	1	1	1	20	1	1	0	2
3	41	1	11	1	1	23	2	1	1	0	1	20	1	0	0	1
3	41	1	12	1	2	57	2	1	2	1	1	20	1	0	1	2
3	41	1	13	2	2	20	2	2	2	1	1	20	1	1	1	3
3	41	1	14	1	2	35	2	2	2	1	1	20	1	1	1	3
3	41	1	15	1	2	40	2	2	2	1	1	20	1	1	1	3
3	41	2	1	0	1	20	0	0	0	0	1	20	0	0	0	0
3	41	2	2	2	2	42	1	2	1	1	1	20	0	1	0	1
3	41	2	3	1	2	46	2	2	2	1	1	20	1	1	1	3
3	41	2	4	2	2	53	2	2	2	1	1	20	1	1	1	3
3	41	2	5	1	2	45	2	1	2	1	1	20	1	0	1	2
3	41	2	6	2	2	44	2	1	2	1	1	20	1	0	1	2
3	41	2	7	1	1	38	2	1	1	0	1	20	1	0	0	1
3	41	2	8	2	1	34	1	1	2	0	1	20	0	0	1	1
3	41	2	9	1	2	40	2	1	2	1	1	20	1	0	1	2
3	41	2	10	1	2	56	2	1	2	1	1	20	1	0	1	2
3	41	2	11	2	2	27	2	2	2	1	1	20	1	1	1	3
3	41	2	12	1	2	29	2	2	1	1	1	20	1	1	0	2
3	41	2	13	2	1	33	2	1	2	0	1	20	1	0	1	2
3	41	2	14	1	2	39	2	1	2	1	1	20	1	0	1	2
3	41	2	15	1	2	48	2	2	2	1	1	20	1	1	1	3
3	42	1	1	0	1	12	0	0	0	0	2	18	0	0	0	0
3	42	1	2	1	1	38	1	2	1	0	2	18	0	1	0	1
3	42	1	3	1	2	33	2	2	2	1	2	18	1	1	1	3
3	42	1	4	1	2	30	2	2	2	1	2	18	1	1	1	3
3	42	1	5	1	2	55	2	1	2	1	2	18	1	0	1	2
3	42	1	6	1	1	31	2	1	2	0	2	18	1	0	1	2
3	42	1	7	1	2	35	2	1	1	1	2	18	1	0	0	1
3	42	1	8	1	2	48	1	1	2	1	2	18	0	0	1	1
3	42	1	9	1	1	22	2	1	2	0	2	18	1	0	1	2
3	42	1	10	1	2	23	2	1	2	1	2	18	1	0	1	2
3	42	1	11	1	1	46	2	2	2	0	2	18	1	1	1	3
3	42	1	12	1	2	42	2	2	1	1	2	18	1	1	0	2
3	42	1	13	2	2	42	2	1	2	1	2	18	1	0	1	2
3	42	1	14	2	2	38	2	1	2	1	2	18	1	0	1	2
3	42	1	15	2	1	37	2	2	2	0	2	18	1	1	1	3
3	42	2	1	0	1	30	0	0	0	0	2	18	0	0	0	0
3	42	2	2	2	1	31	1	1	1	0	2	18	0	0	0	0
3	42	2	3	2	1	54	2	1	2	0	2	18	1	0	1	2
3	42	2	4	2	1	43	2	1	2	0	2	18	1	0	1	2
3	42	2	5	2	1	8	2	1	2	0	2	18	1	0	1	2
3	42	2	6	2	1	28	2	1	1	0	2	18	1	0	0	1
3	42	2	7	1	1	53	2	1	2	0	2	18	1	0	1	2
3	42	2	8	1	1	40	2	1	2	0	2	18	1	0	1	2
3	42	2	9	1	2	29	1	2	1	1	2	18	0	1	0	1
3	42	2	10	2	2	48	2	2	1	1	2	18	1	1	0	2
3	42	2	11	1	2	47	2	1	1	1	2	18	1	0	0	1
3	42	2	12	1	2	40	2	1	2	1	2	18	1	0	1	2
3	42	2	13	1	2	23	2	2	2	1	2	18	1	1	1	3
3	42	2	14	1	2	37	2	2	2	1	2	18	1	1	1	3
3	42	2	15	1	2	30	2	2	2	1	2	18	1	1	1	3
3	51	1	1	0	1	37	0	0	0	0	1	20	0	0	0	0
3	51	1	2	1	1	21	1	1	1	0	1	20	0	0	0	0
3	51	1	3	1	2	44	2	1	2	1	1	20	1	0	1	2
3	51	1	4	1	2	33	2	1	2	1	1	20	1	0	1	2
3	51	1	5	2	1	30	2	1	2	0	1	20	1	0	1	2
3	51	1	6	1	1	54	2	1	1	0	1	20	1	0	0	1
3	51	1	7	1	2	34	2	1	2	1	1	20	1	0	1	2
3	51	1	8	1	2	66	2	1	2	1	1	20	1	0	1	2
3	51	1	9	1	1	35	1	2	1	0	1	20	0	1	0	1
3	51	1	10	2	1	33	2	2	1	0	1	20	1	1	0	2
3	51	1	11	1	1	35	2	1	1	0	1	20	1	0	0	1
3	51	1	12	1	2	25	2	1	2	1	1	20	1	0	1	2
3	51	1	13	1	2	31	2	2	2	1	1	20	1	1	1	3
3	51	1	14	1	2	45	2	2	2	1	1	20	1	1	1	3
3	51	1	15	1	2	20	2	2	2	1	1	20	1	1	1	3
3	51	2	1	0	1	52	0	0	0	0	1	20	0	0	0	0
3	51	2	2	1	1	53	1	2	1	0	1	20	0	1	0	1
3	51	2	3	1	2	38	2	2	2	1	1	20	1	1	1	3
3	51	2	4	2	2	29	2	2	2	1	1	20	1	1	1	3
3	51	2	5	1	2	36	2	1	2	1	1	20	1	0	1	2
3	51	2	6	1	2	47	2	1	2	1	1	20	1	0	1	2
3	51	2	7	2	2	58	2	1	1	1	1	20	1	0	0	1
3	51	2	8	1	1	40	1	1	2	0	1	20	0	0	1	1
3	51	2	9	1	2	42	2	1	2	1	1	20	1	0	1	2
3	51	2	10	1	2	43	2	1	2	1	1	20	1	0	1	2
3	51	2	11	1	2	40	2	2	2	1	1	20	1	1	1	3
3	51	2	12	1	2	58	2	2	1	1	1	20	1	1	0	2
3	51	2	13	1	2	21	2	1	2	1	1	20	1	0	1	2
3	51	2	14	1	2	19	2	1	2	1	1	20	1	0	1	2
3	51	2	15	2	1	34	2	2	2	0	1	20	1	1	1	3
3	52	1	1	0	1	27	0	0	0	0	2	19	0	0	0	0
3	52	1	2	1	1	12	1	2	1	0	2	19	0	1	0	1
3	52	1	3	1	2	44	2	2	2	1	2	19	1	1	1	3
3	52	1	4	1	2	38	2	2	2	1	2	19	1	1	1	3
3	52	1	5	1	2	24	2	1	2	1	2	19	1	0	1	2
3	52	1	6	1	1	36	2	1	2	0	2	19	1	0	1	2
3	52	1	7	1	2	25	2	1	1	1	2	19	1	0	0	1
3	52	1	8	1	2	52	1	1	2	1	2	19	0	0	1	1
3	52	1	9	1	1	34	2	1	2	0	2	19	1	0	1	2
3	52	1	10	1	2	57	2	1	2	1	2	19	1	0	1	2
3	52	1	11	1	1	30	2	2	2	0	2	19	1	1	1	3
3	52	1	12	1	2	27	2	2	1	1	2	19	1	1	0	2
3	52	1	13	2	1	36	2	1	2	0	2	19	1	0	1	2
3	52	1	14	1	2	48	2	1	2	1	2	19	1	0	1	2
3	52	1	15	1	2	28	2	2	2	1	2	19	1	1	1	3
3	52	2	1	0	1	17	0	0	0	0	2	19	0	0	0	0
3	52	2	2	1	1	29	1	1	1	0	2	19	0	0	0	0
3	52	2	3	1	2	45	2	1	2	1	2	19	1	0	1	2
3	52	2	4	1	2	37	2	1	2	1	2	19	1	0	1	2
3	52	2	5	1	2	48	2	1	2	1	2	19	1	0	1	2
3	52	2	6	1	2	49	2	1	1	1	2	19	1	0	0	1
3	52	2	7	1	1	27	2	1	2	0	2	19	1	0	1	2
3	52	2	8	1	1	25	2	1	2	0	2	19	1	0	1	2
3	52	2	9	1	2	31	1	2	1	1	2	19	0	1	0	1
3	52	2	10	1	2	53	2	2	1	1	2	19	1	1	0	2
3	52	2	11	1	2	27	2	1	1	1	2	19	1	0	0	1
3	52	2	12	1	2	41	2	1	2	1	2	19	1	0	1	2
3	52	2	13	1	2	36	2	2	2	1	2	19	1	1	1	3
3	52	2	14	1	2	48	2	2	2	1	2	19	1	1	1	3
3	52	2	15	1	2	39	2	2	2	1	2	19	1	1	1	3
3	53	1	1	0	1	39	0	0	0	0	1	22	0	0	0	0
3	53	1	2	1	1	24	1	1	1	0	1	22	0	0	0	0
3	53	1	3	2	2	25	2	1	2	1	1	22	1	0	1	2
3	53	1	4	2	1	17	2	1	2	0	1	22	1	0	1	2
3	53	1	5	1	2	26	2	1	2	1	1	22	1	0	1	2
3	53	1	6	2	1	54	2	1	1	0	1	22	1	0	0	1
3	53	1	7	2	1	41	2	1	2	0	1	22	1	0	1	2
3	53	1	8	2	1	29	2	1	2	0	1	22	1	0	1	2
3	53	1	9	2	2	32	1	2	1	1	1	22	0	1	0	1
3	53	1	10	2	1	24	2	2	1	0	1	22	1	1	0	2
3	53	1	11	2	2	27	2	1	1	1	1	22	1	0	0	1
3	53	1	12	2	1	41	2	1	2	0	1	22	1	0	1	2
3	53	1	13	2	1	30	2	2	2	0	1	22	1	1	1	3
3	53	1	14	2	1	35	2	2	2	0	1	22	1	1	1	3
3	53	1	15	2	1	38	2	2	2	0	1	22	1	1	1	3
3	53	2	1	0	1	32	0	0	0	0	1	22	0	0	0	0
3	53	2	2	1	1	36	1	2	1	0	1	22	0	1	0	1
3	53	2	3	2	2	50	2	2	2	1	1	22	1	1	1	3
3	53	2	4	2	2	22	2	2	2	1	1	22	1	1	1	3
3	53	2	5	2	1	24	2	1	2	0	1	22	1	0	1	2
3	53	2	6	2	2	38	2	1	2	1	1	22	1	0	1	2
3	53	2	7	2	2	31	2	1	1	1	1	22	1	0	0	1
3	53	2	8	2	2	44	1	1	2	1	1	22	0	0	1	1
3	53	2	9	2	2	40	2	1	2	1	1	22	1	0	1	2
3	53	2	10	2	2	26	2	1	2	1	1	22	1	0	1	2
3	53	2	11	2	1	37	2	2	2	0	1	22	1	1	1	3
3	53	2	12	2	1	37	2	2	1	0	1	22	1	1	0	2
3	53	2	13	2	1	18	2	1	2	0	1	22	1	0	1	2
3	53	2	14	2	2	22	2	1	2	1	1	22	1	0	1	2
3	53	2	15	2	2	40	2	2	2	1	1	22	1	1	1	3
3	55	1	1	0	2	58	0	0	0	1	1	25	0	0	0	0
3	55	1	2	2	2	46	1	1	1	1	1	25	0	0	0	0
3	55	1	3	2	2	40	2	1	2	1	1	25	1	0	1	2
3	55	1	4	2	2	34	2	1	2	1	1	25	1	0	1	2
3	55	1	5	2	1	36	2	1	2	0	1	25	1	0	1	2
3	55	1	6	2	1	13	2	1	1	0	1	25	1	0	0	1
3	55	1	7	2	2	19	2	1	2	1	1	25	1	0	1	2
3	55	1	8	2	2	25	2	1	2	1	1	25	1	0	1	2
3	55	1	9	2	2	37	1	2	1	1	1	25	0	1	0	1
3	55	1	10	2	1	26	2	2	1	0	1	25	1	1	0	2
3	55	1	11	2	1	24	2	1	1	0	1	25	1	0	0	1
3	55	1	12	2	2	32	2	1	2	1	1	25	1	0	1	2
3	55	1	13	2	2	21	2	2	2	1	1	25	1	1	1	3
3	55	1	14	2	2	45	2	2	2	1	1	25	1	1	1	3
3	55	1	15	2	2	35	2	2	2	1	1	25	1	1	1	3
3	55	2	1	0	2	20	0	0	0	1	1	25	0	0	0	0
3	55	2	2	2	2	27	1	2	1	1	1	25	0	1	0	1
3	55	2	3	2	2	19	2	2	2	1	1	25	1	1	1	3
3	55	2	4	2	1	30	2	2	2	0	1	25	1	1	1	3
3	55	2	5	2	1	7	2	1	2	0	1	25	1	0	1	2
3	55	2	6	2	1	49	2	1	2	0	1	25	1	0	1	2
3	55	2	7	2	1	11	2	1	1	0	1	25	1	0	0	1
3	55	2	8	2	2	41	1	1	2	1	1	25	0	0	1	1
3	55	2	9	2	2	46	2	1	2	1	1	25	1	0	1	2
3	55	2	10	2	2	49	2	1	2	1	1	25	1	0	1	2
3	55	2	11	2	2	49	2	2	2	1	1	25	1	1	1	3
3	55	2	12	2	2	44	2	2	1	1	1	25	1	1	0	2
3	55	2	13	2	2	26	2	1	2	1	1	25	1	0	1	2
3	55	2	14	2	2	27	2	1	2	1	1	25	1	0	1	2
3	55	2	15	2	1	33	2	2	2	0	1	25	1	1	1	3
3	58	1	1	0	1	23	0	0	0	0	1	25	0	0	0	0
3	58	1	2	1	1	27	1	1	1	0	1	25	0	0	0	0
3	58	1	3	2	1	36	2	1	2	0	1	25	1	0	1	2
3	58	1	4	2	2	18	2	1	2	1	1	25	1	0	1	2
3	58	1	5	1	2	48	2	1	2	1	1	25	1	0	1	2
3	58	1	6	1	1	47	2	1	1	0	1	25	1	0	0	1
3	58	1	7	2	1	13	2	1	2	0	1	25	1	0	1	2
3	58	1	8	2	2	26	2	1	2	1	1	25	1	0	1	2
3	58	1	9	1	1	33	1	2	1	0	1	25	0	1	0	1
3	58	1	10	1	2	48	2	2	1	1	1	25	1	1	0	2
3	58	1	11	1	1	29	2	1	1	0	1	25	1	0	0	1
3	58	1	12	1	2	37	2	1	2	1	1	25	1	0	1	2
3	58	1	13	2	2	60	2	2	2	1	1	25	1	1	1	3
3	58	1	14	2	2	37	2	2	2	1	1	25	1	1	1	3
3	58	1	15	2	2	36	2	2	2	1	1	25	1	1	1	3
3	58	2	1	0	1	33	0	0	0	0	1	25	0	0	0	0
3	58	2	2	2	1	36	1	2	1	0	1	25	0	1	0	1
3	58	2	3	2	2	25	2	2	2	1	1	25	1	1	1	3
3	58	2	4	2	1	41	2	2	2	0	1	25	1	1	1	3
3	58	2	5	2	1	5	2	1	2	0	1	25	1	0	1	2
3	58	2	6	2	2	44	2	1	2	1	1	25	1	0	1	2
3	58	2	7	2	2	21	2	1	1	1	1	25	1	0	0	1
3	58	2	8	2	1	53	1	1	2	0	1	25	0	0	1	1
3	58	2	9	2	1	26	2	1	2	0	1	25	1	0	1	2
3	58	2	10	2	2	35	2	1	2	1	1	25	1	0	1	2
3	58	2	11	2	1	11	2	2	2	0	1	25	1	1	1	3
3	58	2	12	2	2	41	2	2	1	1	1	25	1	1	0	2
3	58	2	13	2	2	39	2	1	2	1	1	25	1	0	1	2
3	58	2	14	1	2	27	2	1	2	1	1	25	1	0	1	2
3	58	2	15	1	2	59	2	2	2	1	1	25	1	1	1	3
3	60	1	1	0	1	35	0	0	0	0	1	20	0	0	0	0
3	60	1	2	2	1	40	1	1	1	0	1	20	0	0	0	0
3	60	1	3	2	1	50	2	1	2	0	1	20	1	0	1	2
3	60	1	4	2	1	31	2	1	2	0	1	20	1	0	1	2
3	60	1	5	2	1	10	2	1	2	0	1	20	1	0	1	2
3	60	1	6	2	2	57	2	1	1	1	1	20	1	0	0	1
3	60	1	7	2	2	66	2	1	2	1	1	20	1	0	1	2
3	60	1	8	2	2	35	2	1	2	1	1	20	1	0	1	2
3	60	1	9	2	2	28	1	2	1	1	1	20	0	1	0	1
3	60	1	10	2	1	36	2	2	1	0	1	20	1	1	0	2
3	60	1	11	2	1	38	2	1	1	0	1	20	1	0	0	1
3	60	1	12	2	1	21	2	1	2	0	1	20	1	0	1	2
3	60	1	13	2	2	37	2	2	2	1	1	20	1	1	1	3
3	60	1	14	2	2	55	2	2	2	1	1	20	1	1	1	3
3	60	1	15	2	2	27	2	2	2	1	1	20	1	1	1	3
3	60	2	1	0	1	42	0	0	0	0	1	20	0	0	0	0
3	60	2	2	2	1	35	1	2	1	0	1	20	0	1	0	1
3	60	2	3	2	1	34	2	2	2	0	1	20	1	1	1	3
3	60	2	4	2	1	30	2	2	2	0	1	20	1	1	1	3
3	60	2	5	2	1	30	2	1	2	0	1	20	1	0	1	2
3	60	2	6	2	1	5	2	1	2	0	1	20	1	0	1	2
3	60	2	7	2	2	59	2	1	1	1	1	20	1	0	0	1
3	60	2	8	2	2	42	1	1	2	1	1	20	0	0	1	1
3	60	2	9	2	2	35	2	1	2	1	1	20	1	0	1	2
3	60	2	10	2	2	36	2	1	2	1	1	20	1	0	1	2
3	60	2	11	2	2	42	2	2	2	1	1	20	1	1	1	3
3	60	2	12	2	2	30	2	2	1	1	1	20	1	1	0	2
3	60	2	13	2	2	48	2	1	2	1	1	20	1	0	1	2
3	60	2	14	2	2	31	2	1	2	1	1	20	1	0	1	2
3	60	2	15	2	2	28	2	2	2	1	1	20	1	1	1	3
3	61	1	1	0	1	41	0	0	0	0	2	20	0	0	0	0
3	61	1	2	1	1	55	1	2	1	0	2	20	0	1	0	1
3	61	1	3	1	2	39	2	2	2	1	2	20	1	1	1	3
3	61	1	4	1	2	42	2	2	2	1	2	20	1	1	1	3
3	61	1	5	2	2	29	2	1	2	1	2	20	1	0	1	2
3	61	1	6	2	2	55	2	1	2	1	2	20	1	0	1	2
3	61	1	7	1	2	44	2	1	1	1	2	20	1	0	0	1
3	61	1	8	1	2	39	1	1	2	1	2	20	0	0	1	1
3	61	1	9	2	2	38	2	1	2	1	2	20	1	0	1	2
3	61	1	10	1	2	52	2	1	2	1	2	20	1	0	1	2
3	61	1	11	1	1	33	2	2	2	0	2	20	1	1	1	3
3	61	1	12	1	2	38	2	2	1	1	2	20	1	1	0	2
3	61	1	13	1	2	39	2	1	2	1	2	20	1	0	1	2
3	61	1	14	2	2	39	2	1	2	1	2	20	1	0	1	2
3	61	1	15	2	2	41	2	2	2	1	2	20	1	1	1	3
3	61	2	1	0	1	51	0	0	0	0	2	20	0	0	0	0
3	61	2	2	2	2	32	1	1	1	1	2	20	0	0	0	0
3	61	2	3	1	2	45	2	1	2	1	2	20	1	0	1	2
3	61	2	4	1	2	44	2	1	2	1	2	20	1	0	1	2
3	61	2	5	2	2	47	2	1	2	1	2	20	1	0	1	2
3	61	2	6	2	2	30	2	1	1	1	2	20	1	0	0	1
3	61	2	7	1	1	11	2	1	2	0	2	20	1	0	1	2
3	61	2	8	1	1	17	2	1	2	0	2	20	1	0	1	2
3	61	2	9	2	1	48	1	2	1	0	2	20	0	1	0	1
3	61	2	10	2	1	35	2	2	1	0	2	20	1	1	0	2
3	61	2	11	1	2	46	2	1	1	1	2	20	1	0	0	1
3	61	2	12	1	2	39	2	1	2	1	2	20	1	0	1	2
3	61	2	13	2	1	22	2	2	2	0	2	20	1	1	1	3
3	61	2	14	2	2	38	2	2	2	1	2	20	1	1	1	3
3	61	2	15	1	2	37	2	2	2	1	2	20	1	1	1	3
3	62	1	1	0	1	22	0	0	0	0	1	20	0	0	0	0
3	62	1	2	2	1	19	1	1	1	0	1	20	0	0	0	0
3	62	1	3	2	1	31	2	1	2	0	1	20	1	0	1	2
3	62	1	4	2	1	14	2	1	2	0	1	20	1	0	1	2
3	62	1	5	2	1	50	2	1	2	0	1	20	1	0	1	2
3	62	1	6	2	1	16	2	1	1	0	1	20	1	0	0	1
3	62	1	7	2	1	39	2	1	2	0	1	20	1	0	1	2
3	62	1	8	2	1	34	2	1	2	0	1	20	1	0	1	2
3	62	1	9	2	1	34	1	2	1	0	1	20	0	1	0	1
3	62	1	10	2	1	30	2	2	1	0	1	20	1	1	0	2
3	62	1	11	2	1	27	2	1	1	0	1	20	1	0	0	1
3	62	1	12	2	1	38	2	1	2	0	1	20	1	0	1	2
3	62	1	13	2	1	41	2	2	2	0	1	20	1	1	1	3
3	62	1	14	2	1	27	2	2	2	0	1	20	1	1	1	3
3	62	1	15	2	1	12	2	2	2	0	1	20	1	1	1	3
3	62	2	1	0	1	25	0	0	0	0	1	20	0	0	0	0
3	62	2	2	2	1	38	1	2	1	0	1	20	0	1	0	1
3	62	2	3	2	1	33	2	2	2	0	1	20	1	1	1	3
3	62	2	4	2	1	32	2	2	2	0	1	20	1	1	1	3
3	62	2	5	2	1	35	2	1	2	0	1	20	1	0	1	2
3	62	2	6	2	1	15	2	1	2	0	1	20	1	0	1	2
3	62	2	7	2	2	43	2	1	1	1	1	20	1	0	0	1
3	62	2	8	2	2	42	1	1	2	1	1	20	0	0	1	1
3	62	2	9	2	2	44	2	1	2	1	1	20	1	0	1	2
3	62	2	10	2	2	60	2	1	2	1	1	20	1	0	1	2
3	62	2	11	2	2	30	2	2	2	1	1	20	1	1	1	3
3	62	2	12	2	2	21	2	2	1	1	1	20	1	1	0	2
3	62	2	13	2	2	39	2	1	2	1	1	20	1	0	1	2
3	62	2	14	2	2	37	2	1	2	1	1	20	1	0	1	2
3	62	2	15	2	2	38	2	2	2	1	1	20	1	1	1	3
3	63	1	1	0	2	17	0	0	0	1	2	18	0	0	0	0
3	63	1	2	1	1	8	1	2	1	0	2	18	0	1	0	1
3	63	1	3	1	2	61	2	2	2	1	2	18	1	1	1	3
3	63	1	4	1	2	15	2	2	2	1	2	18	1	1	1	3
3	63	1	5	1	2	27	2	1	2	1	2	18	1	0	1	2
3	63	1	6	1	1	35	2	1	2	0	2	18	1	0	1	2
3	63	1	7	1	2	33	2	1	1	1	2	18	1	0	0	1
3	63	1	8	1	2	40	1	1	2	1	2	18	0	0	1	1
3	63	1	9	1	1	36	2	1	2	0	2	18	1	0	1	2
3	63	1	10	1	2	26	2	1	2	1	2	18	1	0	1	2
3	63	1	11	1	1	30	2	2	2	0	2	18	1	1	1	3
3	63	1	12	1	2	21	2	2	1	1	2	18	1	1	0	2
3	63	1	13	1	2	32	2	1	2	1	2	18	1	0	1	2
3	63	1	14	1	2	49	2	1	2	1	2	18	1	0	1	2
3	63	1	15	1	2	20	2	2	2	1	2	18	1	1	1	3
3	63	2	1	0	1	34	0	0	0	0	2	18	0	0	0	0
3	63	2	2	1	1	41	1	1	1	0	2	18	0	0	0	0
3	63	2	3	1	2	39	2	1	2	1	2	18	1	0	1	2
3	63	2	4	1	2	36	2	1	2	1	2	18	1	0	1	2
3	63	2	5	1	2	34	2	1	2	1	2	18	1	0	1	2
3	63	2	6	1	2	45	2	1	1	1	2	18	1	0	0	1
3	63	2	7	1	1	35	2	1	2	0	2	18	1	0	1	2
3	63	2	8	1	1	37	2	1	2	0	2	18	1	0	1	2
3	63	2	9	1	2	43	1	2	1	1	2	18	0	1	0	1
3	63	2	10	1	2	44	2	2	1	1	2	18	1	1	0	2
3	63	2	11	1	2	44	2	1	1	1	2	18	1	0	0	1
3	63	2	12	1	2	26	2	1	2	1	2	18	1	0	1	2
3	63	2	13	1	2	45	2	2	2	1	2	18	1	1	1	3
3	63	2	14	1	2	37	2	2	2	1	2	18	1	1	1	3
3	63	2	15	1	2	37	2	2	2	1	2	18	1	1	1	3
